-7.54700474 15.16413057 -46.05495677
-55.96042247   50.39204988 -92.31557754
38.55106972 71.9264715  -67.93224296
93.86463356 -3.580385148   -15.94296609
39.45943935 -98.13815219   11.76273197
0.321603067 -59.76326151   -57.24898479
-26.46670841   -23.4421689 84.58904268
-79.11287907   -60.63611993   24.06293002
-80.55350957   20.246664   -30.34009983
-28.1733761 35.05369694 88.59341728
-68.55878911   -97.73599131   30.03792028
-78.67481032   -78.0574947 44.42373877
76.82846762 -3.310099376   1.435575486
-19.69315024   7.452998871 -19.30125562
-8.544941585   -44.76796025   62.54889435
66.47917807 27.08021955 4.813618533
-22.56427907   -30.85126416   94.07254305
82.44882713 -42.32700307   -14.20241063
-4.042531069   -3.864585326   -99.83933314
-94.03001268   -62.27022039   82.76540409
-4.469601348   44.80327263 9.319048003
-9.683922012   -94.042234  54.36654604
49.20975721 -99.23657978   34.65691836
-49.50122337   -95.51585083   -30.69357806
74.67267951 -69.09776397   -81.28419566
-14.16922565   -81.02597875   5.303192241
59.54321183 -85.5278407 -35.05047994
97.29414663 25.6555868  -55.48932387
-75.66640267   -67.51160433   10.70369487
6.747345703 65.91954286 -22.40511276
12.85578464 93.95652824 -24.48292437
-63.40720314   -88.71988984   35.81391863
-39.97555577   -27.4059393 29.75387134
-64.46343347   -48.45064599   69.32700332
67.87270497 -10.87589521   -10.48903024
-41.56757478   90.615323   -91.52941192
-18.35057431   54.50538899 54.60362925
91.644247   -29.08248981   3.823883271
-62.18928831   -70.46433561   30.7697039
-8.602327731   -29.47604131   -89.45499515
-20.03085731   -79.4563952 52.95387413
8.419390813 26.36797121 -33.19809341
-49.38106486   90.37125247 33.49240555
-12.77075502   -23.98957908   -87.46702859
-72.53600518   -58.67780897   77.25452932
7.274968872 -68.41279522   -8.127412584
-17.96359479   23.31977421 -54.35364234
18.79019952 -3.230976071   84.73947785
-88.41194047   -41.70205634   15.87831799
68.11584291 85.21093515 20.00999462
30.50056074 46.97161164 -90.09405808
11.90936636 -65.30224571   -99.30868011
-97.10448072   93.54153782 91.19055837
-31.25580407   24.149968   5.929406511
-97.06085203   -89.44321137   -43.41069531
-93.45820681   -84.15675207   -90.79940691
37.65738756 6.550316385 74.65095487
40.98917202 49.76948074 84.81622651
-29.08284256   27.36769318 -11.71660354
10.55818717 93.94957432 -97.01808508
17.32518607 -14.54841557   -9.491738304
-35.26664394   -75.30424686   95.3227695
50.9796278  19.99305063 28.52349202
-85.64027228   84.62167714 -13.6396828
74.16107801 -38.9670481 -65.45323844
27.81373493 -33.27823545   66.14369356
-39.45138709   30.64280231 46.61510923
55.80174589 65.83844166 -97.6121353
71.04550005 2.31566075  -41.88861214
87.99239657 -3.064420978   12.87893919
50.87290331 34.31499106 -80.54100535
45.23798487 1.048384256 -22.87998723
98.30939533 -81.61563065   -3.690047825
-3.284078857   -71.79514621   -4.966837823
81.56441574 -32.57470435   -50.22602775
60.41413794 -70.81881446   -68.17706671
-76.78179114   69.80127927 -63.46288539
86.00406136 94.11886261 81.57009552
-20.95414227   20.85193429 23.00405735
-23.55429796   19.6899821  -31.12511903
-82.6894465 -23.8736447 4.644736626
-60.66717436   -32.74803289   -43.43136978
22.65238657 73.09413594 -43.67993137
-40.23988973   -58.49340859   -92.30395291
-40.91114731   -32.4788344 16.41002827
4.968029567 72.33203284 -55.32855019
8.444779293 -3.344303745   -90.07991877
-32.46348291   24.06087174 16.14485089
3.39505413  -83.54760498   -60.9517997
-14.80722538   -76.26764184   -21.13981945
-66.15267696   26.41761066 -13.90995167
-52.70558937   -74.01295369   -11.86851723
-90.58461892   -28.90635345   70.3379194
82.75571489 34.7962919  -30.21730123
32.17579653 -76.23908794   -66.21185975
27.9355413  36.93419443 -3.774875785
61.77654152 22.44839843 93.89888264
58.19742789 -44.04970217   -4.241486697
44.52445074 10.00927055 51.84333751
3.232944139 88.56336145 30.89580845
-97.43895632   -66.90373181   75.07145413
27.2137293  73.72815887 -59.54169073
32.77834166 -47.05686906   -25.99202143
-74.18092898   -15.86758312   83.98455559
-35.52318747   -8.404502764   -5.898402699
49.36476679 -98.6450211 63.20965528
51.46696832 -59.02212686   -58.41879631
-21.81928234   -80.68441134   75.77127321
-4.606484069   41.03420208 -4.849924081
49.84536469 57.14254724 50.89733496
5.549095622 -24.60067819   -92.04261159
-1.095279731   97.99971512 -83.91302232
-40.17825801   50.34534689 97.55761932
50.5193628  29.72551278 57.00402557
-32.67470739   19.3839218  -90.84438617
-93.54883823   66.7104997  -66.41139287
-16.53788925   -37.05556794   -16.4139824
83.82876129 78.40381268 7.773975354
-42.36326217   -5.494557685   87.44407492
-92.78070414   80.61146807 -10.24504199
-31.29916786   13.62636206 40.48516357
29.56929099 -49.37205334   37.35723733
80.00076987 99.1493898  74.95131646
75.14707675 65.7505202  -9.353735448
84.36555057 54.15724377 26.14212486
-81.01137445   -48.64204964   16.91483199
23.9561157  99.54429396 -17.60559168
38.76009724 98.03971268 -55.07046611
-48.30644145   -54.83013201   92.7224749
-20.74222708   -73.50222257   36.76809958
46.58891824 -88.83161651   57.39287755
-83.85207185   39.10231112 31.03050988
40.97507632 64.32366163 57.56404741
32.21763722 -87.52001735   -97.19574237
95.74114599 -77.63703593   30.41314998
28.95573971 -31.79001755   0.017066391
-17.90828765   -13.46911735   -1.350815651
54.07645201 -84.22474575   48.04759919
59.82214494 15.94101515 51.77536366
-73.2552632 64.54298485 0.444638229
70.69093397 -98.29084593   95.40749768
74.56816858 -60.17168624   -96.15499312
-85.41053705   -35.5000491 83.67185004
8.303363227 -58.2626415 -4.603164375
-99.06579414   46.44629079 70.60347653
-41.30408027   -29.93949946   -75.07045086
-94.66960521   64.39957973 -13.95464491
-93.1143659 76.21981673 -70.83092865
29.18303315 -25.70945161   -59.56733019
-71.89456393   -4.799799705   8.199543925
-16.07483644   -13.05627317   88.98761778
27.45865545 -69.28173496   31.18053145
-37.94690458   -59.21957581   -1.704854105
-89.45218659   14.5764819  -29.4241794
48.18411459 -50.81216949   -74.67790252
-57.46311501   -31.45616439   -75.20995233
-21.85740226   77.02192065 -24.49673537
14.0602902  -71.50069732   -94.40359062
-8.410760234   19.82346694 90.68152361
29.39714168 -21.12757278   -17.78310453
-20.82926428   21.27753547 32.74851144
45.81304719 34.26465703 59.53736559
58.0787797  -65.65984396   53.33677272
-6.096392773   70.91469269 50.97975425
-33.32861572   -94.80320233   43.53170692
58.36366853 84.2028276  82.57547532
50.56269524 -34.00784594   10.86070927
70.56310854 25.5284366  74.00197314
-99.45050826   44.07084988 80.9791488
76.05965997 -16.74287101   98.1704382
21.11487127 -0.891371405   85.70836346
88.32434727 0.385414191 29.73652408
1.644062542 -78.64015265   41.68459551
-70.18049373   -30.46744257   95.51816878
88.77153505 46.73529523 69.61000671
14.95999093 -58.60915128   48.50885465
-36.01068023   23.73229403 -13.03918054
-64.46335211   18.17112716 -27.70684507
2.350642653 -99.78757045   -46.66625639
-9.030637484   84.86966824 97.46108999
74.53629781 67.59830789 -52.73877593
59.47139165 22.97107453 -9.508588975
-51.41871048   -39.88325449   84.07545333
-99.31166558   -84.75885474   89.43821239
18.88257371 -67.5901947 -63.84793731
48.95194543 -99.49605233   64.83791205
64.36173701 -88.5441197 30.96768705
35.93731655 7.816048206 19.47384958
62.85190216 -22.0320943 -98.67824148
51.72220881 -93.01872507   -51.12990568
85.7755684  76.33097567 -39.63719131
-23.74068609   -40.15624136   -38.41420742
-38.37769397   -4.181779427   38.32434214
23.37719339 72.1183574  67.27839335
12.64598329 -69.96344451   46.96476013
-61.96362978   31.18256085 -34.52241069
-58.99898066   96.43842622 4.955435057
-81.17948423   94.76813878 70.37029016
-61.78502198   57.01915685 -5.199987097
87.93071038 -19.23134686   -29.31463802
-60.93489458   -11.75735001   85.52162378
-91.58352533   80.78587936 65.34887721
-37.03246594   49.92080039 -60.99007518
-52.30845341   84.65497536 27.24511262
48.4805032  92.30827759 -82.41806182
-20.13105683   54.74356516 -81.0764854
-94.85480966   59.55743907 22.89989605
15.66537824 -31.16571553   41.34385607
-76.69266495   -87.69658003   82.13177261
49.39359874 70.80124783 94.8263465
-86.94454804   -73.27073479   34.85606342
21.9107777  86.11230264 88.01899122
80.54828683 7.770438008 -38.86167264
-99.35044727   9.462942638 29.98517511
-35.69318867   -33.03404483   23.95580458
39.78504268 -23.68611284   7.142350438
-21.81838208   79.07576102 30.06871449
-8.615954708   58.98887137 -48.49234503
-81.51992567   32.28651734 -48.11569865
-49.55294656   62.14176691 -31.86329744
-44.28012622   29.1917829  8.14224941
-73.26881046   -4.314513161   -81.59336607
-62.15671159   65.02670777 -20.97525418
-21.74200906   -14.10443668   46.89954014
1.162223795 80.37022148 52.72229671
21.60404863 23.5006713  93.83937737
11.49725428 -68.99556383   -84.80745711
22.52034592 -7.399951258   62.67628992
18.71344403 -94.01695466   41.70555202
-24.87734648   -61.89000394   -89.01258289
29.2776394  -67.24584031   -41.85310778
63.94906247 52.37375547 45.9446832
90.87302811 93.24049458 19.72086113
47.93158516 71.90585173 18.0089428
-90.68197751   -17.09056477   -9.879726586
-54.64047859   -21.87425817   -74.70098082
-7.173965671   11.68145187 79.88720138
37.77753914 19.00692775 33.45336138
-27.40036262   -91.80704935   -50.44509053
53.16420441 -46.26116473   -38.13009031
-91.97269681   -22.05302992   1.465374282
66.32553735 -38.07848431   -6.414576485
-34.5468648 -0.601202331   10.81340288
-19.68120421   1.094108603 27.10375869
-98.07736605   79.98928181 8.239090452
86.6902726  -56.36008868   87.91719233
43.33583893 -23.63676027   89.61053087
-3.204813526   -64.92604047   78.73453953
-28.56901496   20.78764496 -21.39618855
-22.99424202   -31.19302968   65.6306634
5.097288866 5.269618042 44.12557139
-27.11624642   -90.31222949   52.58586222
74.46498724 71.07853836 -72.72512379
66.11146016 21.4950549  1.790766328
84.77998302 83.4059397  64.71073835
38.98069473 -68.54592218   -14.75688219
-78.49089461   7.63540023  -51.78675584
-20.04150686   -59.27983332   86.29876404
-27.99981506   33.63927306 27.61578155
55.28567112 4.933583173 -46.39407167
-12.18004003   -23.57063701   81.79908021
90.49884642 10.83875398 -0.830853135
-5.853502719   46.33364332 -89.07642605
-23.2312715 87.85740172 -37.34643724
86.09240477 1.506520143 -23.72464271
-56.79633294   -26.70405896   63.59872679
-37.06825021   -94.03793516   -33.36850259
-69.04032141   -43.69483948   -19.16559367
53.14219169 -13.69477804   12.17398735
-9.128594779   -36.00909454   5.023862716
55.83932099 17.21730712 85.93740889
-40.98782607   22.38078852 2.538586972
24.72706937 -43.3360014 61.76431355
-7.036933316   70.70699876 93.99392372
-73.54600774   -29.54142001   76.07651563
10.76728056 3.746076882 55.35048639
49.84238591 -6.18013949 -95.76345366
-25.92122679   90.06556013 -16.57723082
-2.747857584   24.38256203 13.59888158
5.613207302 -96.33101525   51.32821459
74.9071579  -49.0109746 -72.29630125
-71.72780543   71.56615084 71.76025454
53.89172025 -23.5241025 -28.19436712
7.36228889  -25.78045275   57.58789399
35.59464665 99.70153477 23.59800149
64.76280651 -5.415291586   47.44008209
-12.02467516   47.32676374 57.59122544
56.03981876 87.85210704 -24.02658935
38.74962963 21.05826961 -19.66504038
96.72493601 -14.34017321   -37.09158487
76.97314478 8.307945363 -33.86661327
95.50698197 54.81457727 -11.13686302
81.05491142 -50.2158851 6.02379904
51.96796869 99.7323826  -19.01234684
25.17427131 -98.51831371   -72.89070986
-62.09863578   18.65639026 23.87301459
-64.85559275   -87.38728262   -15.18048213
74.04574265 -63.78573433   -94.16886593
36.06982795 72.09449059 -69.24232002
79.54885967 30.29940684 -61.4733653
41.53280215 -97.17058702   -6.896105071
-19.52934826   0.818909439 -26.87970266
-25.37576458   48.47363258 -95.74854689
-75.5141034 -84.3940221 35.78639458
-33.18257214   24.276563   -87.71060392
-13.50333515   -71.01165671   72.9520657
77.16238803 83.71754815 54.4215402
-66.45455118   35.7136825  36.95919074
-66.38842721   15.01925373 70.02667205
66.48001703 6.134789267 29.04900712
34.14260379 -45.71692599   56.84488638
-76.7516601 54.9161902  72.15284735
-57.69395044   20.77235019 94.4427712
-16.63983151   15.48489455 -69.30249448
60.06383256 43.87644487 62.0087072
63.34674567 44.90138916 -38.80552369
-60.31337572   -56.39157171   57.77829629
22.38296261 83.31072958 56.02294917
26.00238724 31.37293375 43.29929252
-85.90148582   -54.54109405   -64.86435032
-9.728796003   -19.1327412 75.07687495
-0.991369092   54.35307167 80.48222357
-23.69440081   97.64447619 -69.30790716
47.54950152 91.4921627  76.84826296
-21.23690193   29.19012684 40.73716836
89.07251761 51.82959721 -26.93656257
84.82748255 23.21619436 85.29546676
-27.47384812   3.771766215 56.58805954
-78.58865309   57.75853184 80.69407182
-71.6973335 -94.72501248   -91.14901505
-24.50004308   69.25172896 38.8145076
-58.18437305   -48.75959104   58.0583034
7.230909836 -38.60480802   62.20979128
-12.36649432   69.28592693 -98.73326176
-94.44918689   -44.94400745   82.90160558
-81.894696  -48.52008399   55.28784615
12.0447583  65.53470465 -9.296411497
-36.95959578   -47.72145067   -39.25414086
39.05321558 77.74117201 -13.98706705
-72.65792903   -99.42664953   -24.00895061
41.80695034 2.157104834 27.0875896
-33.22832621   -53.70852382   85.02963831
-12.06102794   8.436407794 47.96840955
-91.61243507   -97.26084521   64.78324479
77.24912569 -27.28846503   -46.77512873
-33.69283086   -48.43162815   95.96787198
39.30514004 51.32879585 -36.32251287
-68.47800048   -87.77744575   -32.91609884
-92.26388916   31.38399601 92.28166138
-49.9563149 59.4726006  -47.10622662
42.32994756 85.66314284 -88.08515683
24.93134902 9.371408364 -44.76979302
-94.40502733   51.7248676  -63.96540201
82.93181449 79.9101841  64.24656485
37.94039717 96.76391418 63.50047224
75.04792343 -75.50562151   70.47633413
-27.87814875   36.40421924 41.10208978
12.16769627 70.46976548 -93.38754238
-80.49419341   -67.26726421   -55.11674929
-7.685363318   92.13549979 9.068138673
-50.1656043 -99.41937286   -38.65514302
-65.02689548   -45.34366886   80.8296609
-47.16008267   -27.90042845   -44.00280762
-14.2256208 -87.12573571   -22.84133485
40.1639534  -13.79999129   40.92559875
-70.00812263   85.66491467 -15.36443048
-88.0786731 -61.29098612   46.73442186
78.95225571 18.58626938 -90.27572214
42.82923462 95.57219664 -37.59239848
18.09287068 -77.43110852   -43.00218385
-73.35410337   40.09888801 -23.66774634
94.23059514 -23.80002805   20.75016424
44.7791618  -1.528723865   85.64185255
-74.37341396   -59.26990303   97.40142364
52.1848632  -8.573582187   56.34929447
-8.465104928   29.95845399 16.73419897
-40.02477341   -74.50301108   73.33546739
93.36546299 -95.59900434   -13.62612327
90.63412096 -42.36999378   -91.50386808
17.26532068 58.94104168 41.72506342
88.98722322 26.97497549 3.420870908
-46.9606619 61.18317215 75.59107204
-41.86449174   -6.842883303   35.15932768
84.64979264 54.74257441 -68.25215155
-14.14905964   -89.82408774   -99.90933556
85.89214219 -39.64006091   71.50359694
-95.7808727 23.29999531 -54.6320245
-84.19918342   -70.05620226   -68.33980917
-38.48831024   -38.2798821 -51.26267971
-84.42485012   -12.552767  16.35857343
-50.58440493   64.10879808 86.72673151
11.8951135  -15.90618956   34.45203701
23.68875439 -82.51863942   97.46862323
-64.07837017   -79.21302185   85.9023586
-98.76035771   98.65986459 -50.67828933
31.28852405 -36.8143904 10.39149612
-61.57045118   94.43444849 60.19281434
92.70462023 83.69051073 -80.10704685
-63.26850746   41.28558956 93.31975054
-59.02147883   -27.15870324   -59.46152394
76.11578011 -27.92214284   -76.14303891
-41.40593602   -35.03462247   82.52591867
25.11540292 9.823536373 -8.380305572
91.20758897 57.28051158 92.21266318
54.77288141 -94.35421163   -97.41154008
-47.74832411   -48.3936932 -95.95866936
-13.2237393 -11.3400521 -85.06975626
-61.74909921   38.72565248 82.1057389
-87.14934568   51.99761128 83.16102618
40.86391972 94.73324973 -21.4628699
-48.89618397   50.80438374 -73.23205386
78.88169001 90.98996603 -22.42355937
-23.29064378   -47.29579221   -43.80346689
-81.26005531   -9.457764297   -26.14057486
80.59001572 65.39547163 40.04796837
-79.67482391   -95.06134337   -40.29303589
-18.11962395   -15.79203425   10.63205772
-28.58390386   87.86769828 29.89930617
-44.4081757 55.99540807 -49.06434196
-0.854561286   80.17319375 95.19031679
25.06918021 80.8383329  -85.98581914
-86.61932119   -24.81461438   76.4132699
-49.39125799   -2.514393871   -77.04357992
16.59153765 52.17067995 19.92501018
-74.77220571   -30.53815959   -5.605996229
8.457054198 32.99174452 -86.10116465
37.14412922 3.17758697  -32.26655315
-28.56510204   1.780232247 -84.50169111
9.836038695 17.82601487 -71.48714358
-53.08037365   61.96755229 53.132191
-11.30349993   24.29533888 74.20834911
-46.11129991   20.12017318 -73.50234984
-47.61701713   28.56440065 -22.997939
71.2244235  75.17182073 60.84896838
-89.82632115   74.99547305 -9.417791018
-35.63596778   -14.1010523 -9.452358182
30.01867847 -83.95735434   10.83314296
-91.17243487   -44.78225186   -51.63377831
-3.3173232  -62.2287287 -14.0430755
15.80376705 83.36866916 -49.98221237
94.78086114 -25.2982485 4.677413602
39.25572104 43.25292773 18.13523293
-19.8973407 -33.17278963   -38.08775019
-39.73123431   25.60478216 -44.25055692
63.20835716 69.35595226 -29.48207103
-50.97205329   7.256621998 34.04976135
-43.90773374   -58.87950195   18.74384113
11.34790258 16.05455258 -34.33679555
-79.48899912   -31.1895087 25.82627229
-64.59502011   19.48235623 98.11426924
39.00270763 -17.18832909   9.983185714
48.28617805 69.71842347 -7.704246945
32.93795895 -15.98356685   21.45358137
54.04779829 -85.80377073   -55.63846153
-91.5385764 2.631777117 46.70984659
96.10306252 33.43787159 -0.719729427
-16.09193167   46.22711775 -66.37713902
-12.84638184   15.68037433 -61.78321105
-20.16478098   -48.68155029   91.00790367
1.226962777 -65.54333215   -84.19670431
69.78170676 91.18149257 76.92691811
92.13688329 -88.17785367   -73.08257243
15.14187376 -42.59397994   -6.170644537
-10.01285423   69.3665317  -16.93131325
-25.78459844   -55.15438397   -95.59888741
-74.42866208   4.70390561  53.82087129
3.122228381 32.56112242 5.152099475
-46.22177197   84.39010111 -31.66425576
75.79159563 71.0575896  -74.81169505
-77.4909161 -14.79571408   39.89772682
-72.65439063   -29.27858839   70.11264462
54.98952545 -16.08177962   -47.26969213
-9.763199302   1.647683685 69.17146751
-59.72731019   50.35932221 -49.67688501
75.4369257  -95.05598474   -68.50935362
-45.87458943   -66.78541461   -77.03377244
-20.32768669   41.37817639 86.47107237
44.39312402 -75.35922727   -94.89963553
-36.2482711 10.0725142  -95.80172772
-11.29459971   30.81598425 0.008955196
1.875034156 -11.13866589   17.05737761
-9.630175156   18.83751563 90.98986721
83.49439329 74.82140057 30.17486321
10.92250607 -45.47026589   -51.03747716
-94.59896375   30.76618247 70.72824691
-6.549181697   -95.52069541   -73.28855146
-33.96386418   -23.14971621   -63.72250481
82.21353466 -43.18260664   -7.936798012
-10.86752536   -21.44907044   62.832363
-50.62574459   26.54718863 99.23518209
32.88564652 -38.15761655   82.19967929
-84.44120663   -11.0617641 -9.24793392
2.134786904 43.1854516  -73.7367012
-91.47340086   -0.151835336   40.50004182
15.65917993 -23.228037  39.04954305
-64.44862303   18.87614996 -72.82296322
74.88332457 0.219146567 -53.43506838
-78.01445212   45.13464085 6.592763277
49.88840626 -68.98997027   10.23574048
91.41738627 -30.7221714 13.61381668
