 Cluster           1 :
 -0.998907924    
 -0.996917725    
 -0.995151877    
 -0.993543684    
 -0.989402592    
 -0.988413274    
 -0.987532973    
 -0.985503078    
 -0.984795511    
 -0.984601200    
 -0.983619392    
 -0.977481127    
 -0.977461994    
 -0.977053523    
 -0.975779474    
 -0.975776613    
 -0.973749518    
 -0.971677005    
 -0.965773284    
 -0.965588212    
 Cluster           2 :
 -0.962617815    
 -0.961476922    
 -0.960866928    
 -0.960674882    
 -0.956577182    
 -0.954756081    
 -0.954044580    
 -0.953825891    
 -0.952068329    
 -0.951310277    
 -0.950483024    
 -0.947951913    
 -0.947531283    
 -0.945342779    
 -0.945039988    
 -0.942579627    
 -0.941777289    
 -0.940888882    
 -0.940177023    
 -0.936051190    
 Cluster           3 :
 -0.935830414    
 -0.935689092    
 -0.935008883    
 -0.929051280    
 -0.928655922    
 -0.924416900    
 -0.923530877    
 -0.919816971    
 -0.919713080    
 -0.918634593    
 -0.914489329    
 -0.908783615    
 -0.897697508    
 -0.897003412    
 -0.895615578    
 -0.894084811    
 -0.891342223    
 -0.891082227    
 -0.888292670    
 -0.883415222    
 Cluster           4 :
 -0.882231414    
 -0.879167616    
 -0.869977176    
 -0.861940086    
 -0.861900389    
 -0.861895621    
 -0.853569925    
 -0.853497386    
 -0.852686703    
 -0.851199090    
 -0.848608315    
 -0.846272588    
 -0.844901919    
 -0.843560874    
 -0.843347013    
 -0.840188086    
 -0.838953078    
 -0.838715315    
 -0.837646306    
 -0.836722195    
 Cluster           5 :
 -0.834431410    
 -0.834321797    
 -0.820766687    
 -0.818094373    
 -0.817546904    
 -0.817518294    
 -0.816976428    
 -0.816106498    
 -0.815161526    
 -0.806220889    
 -0.804296970    
 -0.801921427    
 -0.800159514    
 -0.800145924    
 -0.798438489    
 -0.794717729    
 -0.790198624    
 -0.788918614    
 -0.785967171    
 -0.783389270    
 Cluster           6 :
 -0.783122420    
 -0.781219184    
 -0.780175090    
 -0.777802110    
 -0.775685430    
 -0.772502780    
 -0.770039201    
 -0.766393423    
 -0.764304817    
 -0.763640523    
 -0.757977784    
 -0.757879615    
 -0.757389128    
 -0.757173419    
 -0.756672323    
 -0.749642015    
 -0.748289883    
 -0.747676492    
 -0.737567902    
 -0.735921323    
 Cluster           7 :
 -0.731385529    
 -0.729505181    
 -0.728743494    
 -0.728284419    
 -0.726613224    
 -0.726376772    
 -0.724458098    
 -0.720849514    
 -0.720333576    
 -0.717860878    
 -0.714360476    
 -0.714308321    
 -0.710761011    
 -0.710330427    
 -0.710287392    
 -0.710234523    
 -0.708596289    
 -0.707660198    
 -0.706714213    
 -0.706393182    
 Cluster           8 :
 -0.703977823    
 -0.703170598    
 -0.700357318    
 -0.699033320    
 -0.696758270    
 -0.696107388    
 -0.695370615    
 -0.693364084    
 -0.690244198    
 -0.687148988    
 -0.685900390    
 -0.685470283    
 -0.682420313    
 -0.681472480    
 -0.680883586    
 -0.678545117    
 -0.676526606    
 -0.672754228    
 -0.670511484    
 -0.670457423    
 Cluster           9 :
 -0.670157075    
 -0.662246227    
 -0.662158728    
 -0.660655975    
 -0.658459902    
 -0.656392813    
 -0.656032801    
 -0.655670822    
 -0.653495789    
 -0.650897205    
 -0.650736690    
 -0.649957120    
 -0.649446785    
 -0.649184525    
 -0.648070872    
 -0.643764079    
 -0.639583170    
 -0.636266172    
 -0.627724528    
 -0.625538528    
 Cluster          10 :
 -0.623678088    
 -0.622740984    
 -0.622708976    
 -0.620631516    
 -0.616087198    
 -0.615707874    
 -0.614605486    
 -0.613539696    
 -0.612092614    
 -0.610641122    
 -0.606679678    
 -0.606553912    
 -0.599243402    
 -0.596657515    
 -0.595473289    
 -0.594695926    
 -0.594069481    
 -0.593876183    
 -0.590358496    
 -0.587639570    
 Cluster          11 :
 -0.579666615    
 -0.574290276    
 -0.572230399    
 -0.569321811    
 -0.565593421    
 -0.565496027    
 -0.563874125    
 -0.560592413    
 -0.560340285    
 -0.560298085    
 -0.559262991    
 -0.549739182    
 -0.548128486    
 -0.546962500    
 -0.543224394    
 -0.541857779    
 -0.541050315    
 -0.537918329    
 -0.534242272    
 -0.534134686    
 Cluster          12 :
 -0.533289015    
 -0.530410409    
 -0.529482484    
 -0.528972030    
 -0.527882278    
 -0.527327299    
 -0.523328304    
 -0.522569299    
 -0.522445321    
 -0.521742582    
 -0.521002173    
 -0.520291388    
 -0.519710779    
 -0.519402087    
 -0.518513381    
 -0.514753819    
 -0.514437795    
 -0.507353485    
 -0.505669475    
 -0.503809512    
 Cluster          13 :
 -0.499261707    
 -0.499175608    
 -0.495689988    
 -0.490977496    
 -0.490110815    
 -0.488052607    
 -0.484361589    
 -0.483423501    
 -0.483394712    
 -0.481385201    
 -0.472372204    
 -0.465993285    
 -0.464522213    
 -0.463102102    
 -0.462336689    
 -0.461686403    
 -0.459668487    
 -0.459328413    
 -0.456202090    
 -0.455110192    
 Cluster          14 :
 -0.453496486    
 -0.451884687    
 -0.451740295    
 -0.451461285    
 -0.450789988    
 -0.450223207    
 -0.449063599    
 -0.447730988    
 -0.445158005    
 -0.441717595    
 -0.431035995    
 -0.429603785    
 -0.428734809    
 -0.428494811    
 -0.427138090    
 -0.426911205    
 -0.426345408    
 -0.425107092    
 -0.423847109    
 -0.423248887    
 Cluster          15 :
 -0.417820096    
 -0.413508385    
 -0.411506712    
 -0.409538805    
 -0.409047991    
 -0.406794786    
 -0.405730486    
 -0.402530491    
 -0.400151014    
 -0.394293010    
 -0.392204911    
 -0.391911298    
 -0.391307801    
 -0.388377488    
 -0.384520590    
 -0.383377999    
 -0.382646114    
 -0.382445902    
 -0.381226212    
 -0.379510313    
 Cluster          16 :
 -0.379426897    
 -0.377722889    
 -0.373877615    
 -0.371726811    
 -0.371405095    
 -0.370344907    
 -0.367712498    
 -0.367267698    
 -0.365367711    
 -0.362517387    
 -0.360827893    
 -0.359570801    
 -0.358976513    
 -0.358108789    
 -0.351464301    
 -0.351210207    
 -0.348827392    
 -0.348295987    
 -0.344768107    
 -0.343131691    
 Cluster          17 :
 -0.342870206    
 -0.342138588    
 -0.336632103    
 -0.336065799    
 -0.334748089    
 -0.333119988    
 -0.329872489    
 -0.329848588    
 -0.329161912    
 -0.325280309    
 -0.324223489    
 -0.319400698    
 -0.316744387    
 -0.316255301    
 -0.313502401    
 -0.311177194    
 -0.309676498    
 -0.309430987    
 -0.309042811    
 -0.306531787    
 Cluster          18 :
 -0.306396514    
 -0.302084386    
 -0.299138814    
 -0.297759205    
 -0.295025885    
 -0.292049110    
 -0.289220512    
 -0.287176788    
 -0.286976814    
 -0.285318613    
 -0.283499807    
 -0.283328414    
 -0.282834291    
 -0.282353491    
 -0.282110900    
 -0.280311912    
 -0.279177397    
 -0.276968211    
 -0.275783390    
 -0.274176002    
 Cluster          19 :
 -0.272450387    
 -0.272023708    
 -0.268324912    
 -0.265264690    
 -0.263506711    
 -0.262681395    
 -0.262052208    
 -0.261102587    
 -0.259526312    
 -0.257697195    
 -0.253685504    
 -0.252541900    
 -0.247332707    
 -0.240792200    
 -0.239586905    
 -0.237360701    
 -0.235550195    
 -0.235395998    
 -0.234551206    
 -0.234144896    
 Cluster          20 :
 -0.233038902    
 -0.232478201    
 -0.231573001    
 -0.231293306    
 -0.230359107    
 -0.229931101    
 -0.228628993    
 -0.222866997    
 -0.222567603    
 -0.222274393    
 -0.219963104    
 -0.219728395    
 -0.219007298    
 -0.216541007    
 -0.215054393    
 -0.211192995    
 -0.211191207    
 -0.209716603    
 -0.207480103    
 -0.207123801    
 Cluster          21 :
 -0.206197903    
 -0.200244203    
 -0.196776807    
 -0.196690604    
 -0.193153605    
 -0.192215800    
 -0.184792906    
 -0.184171095    
 -0.177620903    
 -0.176420197    
 -0.173958704    
 -0.173894003    
 -0.172225401    
 -0.171781793    
 -0.169197604    
 -0.168432206    
 -0.168260694    
 -0.161767498    
 -0.160932705    
 -0.156506196    
 Cluster          22 :
 -0.152841300    
 -0.152464405    
 -0.152435407    
 -0.151617005    
 -0.149588406    
 -0.149017707    
 -0.144311398    
 -0.143812194    
 -0.140195295    
 -0.139517307    
 -0.136438802    
 -0.135480300    
 -0.135027707    
 -0.133114293    
 -0.132325903    
 -0.130078793    
 -0.126783907    
 -0.126434803    
 -0.122729801    
 -0.120704398    
 Cluster          23 :
 -0.120568298    
 -0.120006599    
 -0.117531501    
 -0.111163601    
 -0.110705897    
 -0.109284498    
 -0.108174197    
 -0.107984804    
 -0.104981102    
 -0.101929098    
 -0.100929901    
 -0.100198798    
  -9.65337753E-02
  -9.41374302E-02
  -9.31857228E-02
  -9.19945836E-02
  -8.62202048E-02
  -8.58594179E-02
  -8.00241232E-02
  -7.95758963E-02
 Cluster          24 :
  -7.81065226E-02
  -7.64654875E-02
  -7.48382807E-02
  -7.07603693E-02
  -6.76262975E-02
  -6.66158795E-02
  -6.51125908E-02
  -6.48959875E-02
  -6.22988939E-02
  -6.16194010E-02
  -6.14925623E-02
  -5.91817498E-02
  -5.88949919E-02
  -5.31938076E-02
  -5.09716272E-02
  -4.87025976E-02
  -4.81492877E-02
  -4.15594578E-02
  -3.91952395E-02
  -3.74030471E-02
 Cluster          25 :
  -3.73802185E-02
  -3.70042324E-02
  -3.68098617E-02
  -3.67677808E-02
  -3.65692973E-02
  -3.65252495E-02
  -3.38712335E-02
  -3.04078460E-02
  -2.90686488E-02
  -2.79358029E-02
  -2.46996880E-02
  -2.16440558E-02
  -2.04307437E-02
  -1.92357898E-02
  -1.73131227E-02
  -1.38121247E-02
  -1.26227736E-02
  -8.02516937E-03
  -7.75521994E-03
  -2.50548124E-03
 Cluster          26 :
   1.00002301    
   1.00030994    
   1.00201595    
   1.00708604    
   1.00725496    
   1.00814700    
   1.00940800    
   1.01348197    
   1.01703203    
   1.01819801    
   1.02316201    
   1.02890503    
   1.02893496    
   1.02953303    
   1.03420401    
   1.03649199    
   1.03729999    
   1.03976405    
   1.04135299    
   1.04135704    
 Cluster          27 :
   1.04260397    
   1.04734504    
   1.04946804    
   1.05059397    
   1.05106294    
   1.05620801    
   1.05836201    
   1.06084502    
   1.06364000    
   1.06670296    
   1.06862903    
   1.06938100    
   1.06974697    
   1.07135105    
   1.07166195    
   1.07621801    
   1.08204496    
   1.08396697    
   1.08503199    
   1.08885098    
 Cluster          28 :
   1.08954799    
   1.09225297    
   1.09317899    
   1.09341097    
   1.09362996    
   1.09592998    
   1.09678102    
   1.10468400    
   1.10469902    
   1.10618496    
   1.10894001    
   1.11095202    
   1.11356401    
   1.11414301    
   1.11500895    
   1.11645401    
   1.11711299    
   1.11913896    
   1.12114704    
   1.12508905    
 Cluster          29 :
   1.12587500    
   1.12709403    
   1.12797403    
   1.12879705    
   1.13036597    
   1.13343799    
   1.13364995    
   1.13565695    
   1.14129305    
   1.14234698    
   1.14246202    
   1.14249599    
   1.14523697    
   1.14662695    
   1.14755404    
   1.14905703    
   1.14954400    
   1.15090299    
   1.15127301    
   1.15291798    
 Cluster          30 :
   1.15589595    
   1.15879405    
   1.16392195    
   1.16471303    
   1.16539896    
   1.16732097    
   1.16829503    
   1.17013705    
   1.17069304    
   1.17316902    
   1.17365205    
   1.17441797    
   1.17452395    
   1.17599201    
   1.17859101    
   1.17877197    
   1.17903495    
   1.17981505    
   1.18101203    
   1.18134296    
 Cluster          31 :
   1.18226194    
   1.18326795    
   1.18336403    
   1.18785405    
   1.18968999    
   1.19086301    
   1.19178605    
   1.19185901    
   1.19233203    
   1.19650400    
   1.19691706    
   1.19795096    
   1.20097005    
   1.20313895    
   1.20618105    
   1.20685697    
   1.20813203    
   1.20915997    
   1.21192300    
   1.21384394    
 Cluster          32 :
   1.21550298    
   1.22221303    
   1.22254002    
   1.22360802    
   1.22555196    
   1.22582495    
   1.22764599    
   1.23601699    
   1.23718297    
   1.23980296    
   1.24259698    
   1.24403203    
   1.24587095    
   1.24714899    
   1.24804699    
   1.24923098    
   1.25029600    
   1.25154805    
   1.25308597    
   1.25501394    
 Cluster          33 :
   1.25572801    
   1.25750005    
   1.25858200    
   1.26285195    
   1.26290596    
   1.26656103    
   1.27048099    
   1.27172005    
   1.27261198    
   1.27669001    
   1.27694905    
   1.28847396    
   1.29402602    
   1.29559398    
   1.29710197    
   1.29876494    
   1.29985404    
   1.30072403    
   1.30229700    
   1.30351400    
 Cluster          34 :
   1.30404305    
   1.30452204    
   1.30729103    
   1.30845702    
   1.31001604    
   1.31019795    
   1.31413102    
   1.31763804    
   1.31904900    
   1.31979001    
   1.32151401    
   1.32229197    
   1.32250595    
   1.32574797    
   1.32818198    
   1.32911897    
   1.32997894    
   1.33153200    
   1.33484805    
   1.33516300    
 Cluster          35 :
   1.34398699    
   1.35617304    
   1.35678804    
   1.35796499    
   1.36004305    
   1.36019599    
   1.36171997    
   1.36201799    
   1.36584604    
   1.36758399    
   1.37216198    
   1.37355006    
   1.37790096    
   1.37804401    
   1.37943995    
   1.38045502    
   1.38723898    
   1.38916099    
   1.38961303    
   1.38978195    
 Cluster          36 :
   1.39243495    
   1.39338005    
   1.39439297    
   1.39456904    
   1.39542997    
   1.39636803    
   1.39800799    
   1.39940596    
   1.40124798    
   1.40377498    
   1.40573895    
   1.40582705    
   1.40636897    
   1.40903199    
   1.41165900    
   1.41198504    
   1.41464496    
   1.41612697    
   1.41827595    
   1.42588997    
 Cluster          37 :
   1.42605102    
   1.42779398    
   1.42987096    
   1.43129599    
   1.43226004    
   1.43229997    
   1.43459105    
   1.43634903    
   1.43884301    
   1.43965304    
   1.44010496    
   1.44177699    
   1.44856405    
   1.44978499    
   1.45421505    
   1.45572102    
   1.45578206    
   1.45632899    
   1.46139205    
   1.46455204    
 Cluster          38 :
   1.46549702    
   1.46741498    
   1.46827996    
   1.47142804    
   1.47311997    
   1.47452199    
   1.47582996    
   1.47877800    
   1.48023999    
   1.48454499    
   1.49187696    
   1.49231100    
   1.49238205    
   1.49823296    
   1.50416303    
   1.50417304    
   1.51005304    
   1.51171303    
   1.51435900    
   1.51489305    
 Cluster          39 :
   1.51497602    
   1.51701498    
   1.52070796    
   1.52140701    
   1.52438104    
   1.53255105    
   1.53467500    
   1.53479695    
   1.54063594    
   1.54427302    
   1.54644096    
   1.54806995    
   1.54997301    
   1.55015302    
   1.55225897    
   1.55989301    
   1.55991900    
   1.56039000    
   1.56215405    
   1.56348002    
 Cluster          40 :
   1.56678295    
   1.57148397    
   1.57206202    
   1.57253802    
   1.57705796    
   1.57817698    
   1.57901597    
   1.57914102    
   1.58222997    
   1.58251798    
   1.58405697    
   1.58431602    
   1.58455300    
   1.58533704    
   1.58769000    
   1.58770597    
   1.58956599    
   1.58993304    
   1.59191895    
   1.59240699    
 Cluster          41 :
   1.59304500    
   1.59625697    
   1.59954906    
   1.60135305    
   1.60144901    
   1.60456896    
   1.60801899    
   1.60948503    
   1.61054897    
   1.61089098    
   1.61379099    
   1.61380601    
   1.61404502    
   1.61546302    
   1.61669695    
   1.61830497    
   1.61904597    
   1.62101698    
   1.62225103    
   1.62437797    
 Cluster          42 :
   1.62521696    
   1.62603402    
   1.63255596    
   1.63366103    
   1.63402700    
   1.63611996    
   1.63801205    
   1.63956702    
   1.64420104    
   1.64479899    
   1.64808297    
   1.65093303    
   1.65123999    
   1.65299904    
   1.65427995    
   1.65911698    
   1.66044104    
   1.66468596    
   1.66531396    
   1.66652906    
 Cluster          43 :
   1.66934395    
   1.67178404    
   1.67265296    
   1.67411304    
   1.67539799    
   1.67575097    
   1.67603695    
   1.68035400    
   1.68563795    
   1.68834805    
   1.68914104    
   1.69259596    
   1.69800198    
   1.69838905    
   1.69852197    
   1.69876099    
   1.70431697    
   1.70655298    
   1.70727706    
   1.70745695    
 Cluster          44 :
   1.71565199    
   1.72017300    
   1.72621202    
   1.72711897    
   1.72867799    
   1.73025894    
   1.73225296    
   1.73319697    
   1.73465002    
   1.73508704    
   1.73508894    
   1.73513901    
   1.73561597    
   1.73616099    
   1.73632097    
   1.73659599    
   1.73876095    
   1.73894596    
   1.73931205    
   1.74270594    
 Cluster          45 :
   1.74351203    
   1.74450505    
   1.74565101    
   1.75149500    
   1.75281596    
   1.75309598    
   1.75399804    
   1.75455594    
   1.75510097    
   1.76129103    
   1.76813400    
   1.77284598    
   1.78036702    
   1.78041005    
   1.78115296    
   1.78278804    
   1.78363395    
   1.78418803    
   1.78978503    
   1.79023504    
 Cluster          46 :
   1.79262805    
   1.79347801    
   1.79438102    
   1.79893899    
   1.79908705    
   1.80183303    
   1.80191898    
   1.80509698    
   1.80774701    
   1.80956697    
   1.81162906    
   1.81654406    
   1.81904602    
   1.82103395    
   1.82267797    
   1.82491696    
   1.82843804    
   1.82933295    
   1.83057594    
   1.83270299    
 Cluster          47 :
   1.83520806    
   1.84160805    
   1.84350204    
   1.84442699    
   1.84492695    
   1.84712398    
   1.84735096    
   1.85267103    
   1.85407901    
   1.85709596    
   1.85798705    
   1.86197996    
   1.86390102    
   1.86501002    
   1.86625397    
   1.86696899    
   1.87016296    
   1.87063897    
   1.87663400    
   1.87965000    
 Cluster          48 :
   1.88355398    
   1.89161098    
   1.89368200    
   1.89665198    
   1.89949799    
   1.90153396    
   1.90364301    
   1.90385795    
   1.90684497    
   1.90730906    
   1.90737605    
   1.90851200    
   1.90888906    
   1.91116500    
   1.91144395    
   1.91253102    
   1.91598797    
   1.91744602    
   1.91847003    
   1.91891801    
 Cluster          49 :
   1.92032301    
   1.92599905    
   1.93624401    
   1.93652797    
   1.93817401    
   1.93978798    
   1.94013703    
   1.94020104    
   1.94185305    
   1.94573796    
   1.94886303    
   1.94909000    
   1.94954300    
   1.95243299    
   1.95361698    
   1.95492899    
   1.95741498    
   1.95854604    
   1.95869899    
   1.95952106    
 Cluster          50 :
   1.96153295    
   1.96405602    
   1.96445501    
   1.96561003    
   1.96650505    
   1.96661103    
   1.96795595    
   1.97210896    
   1.97785795    
   1.97918606    
   1.98179102    
   1.98257899    
   1.98331797    
   1.98354805    
   1.98381305    
   1.99080396    
   1.99230599    
   1.99397802    
   1.99403095    
   1.99508500    
 Remainder cluster:
