   1.000023    
   1.085032    
   1.601353    
   1.891611    
   1.967956    
   1.189690    
   1.514976    
   1.398008    
   1.262906    
   1.743512    
   1.089548    
   1.560390    
   1.582230    
   1.809567    
   1.591919    
   1.511713    
   1.876634    
   1.995085    
   1.726212    
   1.966611    
   1.297102    
   1.426051    
   1.899498    
   1.652999    
   1.901534    
   1.961533    
   1.164713    
   1.857987    
   1.906845    
   1.294026    
   1.936244    
   1.414645    
   1.308457    
   1.514893    
   1.395430    
   1.789785    
   1.689141    
   1.544273    
   1.592407    
   1.093630    
   1.609485    
   1.432260    
   1.599549    
   1.844927    
   1.492382    
   1.772846    
   1.071662    
   1.191859    
   1.223608    
   1.780367    
   1.083967    
   1.181343    
   1.616697    
   1.579141    
   1.739312    
   1.314131    
   1.438843    
   1.411985    
   1.908889    
   1.992306    
   1.577058    
   1.163922    
   1.698522    
   1.334848    
   1.455782    
   1.076218    
   1.128797    
   1.174524    
   1.441777    
   1.037300    
   1.504163    
   1.467415    
   1.579016    
   1.674113    
   1.093411    
   1.066703    
   1.832703    
   1.389782    
   1.190863    
   1.165399    
   1.958546    
   1.990804    
   1.113564    
   1.870639    
   1.622251    
   1.672653    
   1.614045    
   1.587706    
   1.150903    
   1.255014    
   1.798939    
   1.593045    
   1.896652    
   1.271720    
   1.197951    
   1.270481    
   1.396368    
   1.095930    
   1.648083    
   1.632556    
   1.125089    
   1.151273    
   1.088851    
   1.948863    
   1.540636    
   1.042604    
   1.549973    
   1.735089    
   1.484545    
   1.465497    
   1.007255    
   1.222540    
   1.206181    
   1.571484    
   1.115009    
   1.604569    
   1.170137    
   1.698002    
   1.244032    
   1.664686    
   1.041353    
   1.173652    
   1.365846    
   1.751495    
   1.393380    
   1.824917    
   1.563480    
   1.753096    
   1.692596    
   1.319049    
   1.828438    
   1.532551    
   1.780410    
   1.147554    
   1.585337    
   1.792628    
   1.952433    
   1.912531    
   1.783634    
   1.794381    
   1.572062    
   1.009408    
   1.152918    
   1.510053    
   1.761291    
   1.295594    
   1.601449    
   1.559919    
   1.847124    
   1.504173    
   1.911444    
   1.310016    
   1.793478    
   1.982579    
   1.063640    
   1.964455    
   1.222213    
   1.448564    
   1.613791    
   1.303514    
   1.917446    
   1.056208    
   1.236017    
   1.801919    
   1.436349    
   1.983813    
   1.613806    
   1.051063    
   1.841608    
   1.239803    
   1.552259    
   1.104699    
   1.949090    
   1.534797    
   1.178772    
   1.521407    
   1.835208    
   1.329979    
   1.440105    
   1.317638    
   1.707277    
   1.977858    
   1.203139    
   1.735087    
   1.362018    
   1.953617    
   1.034204    
   1.049468    
   1.879650    
   1.572538    
   1.981791    
   1.060845    
   1.068629    
   1.811629    
   1.119139    
   1.979186    
   1.307291    
   1.225825    
   1.816544    
   1.406369    
   1.861980    
   1.619046    
   1.983318    
   1.754556    
   1.187854    
   1.915988    
   1.666529    
   1.036492    
   1.517015    
   1.830576    
   1.735139    
   1.903643    
   1.742706    
   1.175992    
   1.319790    
   1.566783    
   1.174418    
   1.328182    
   1.665314    
   1.394569    
   1.251548    
   1.464552    
   1.389161    
   1.183268    
   1.546441    
   1.257500    
   1.768134    
   1.610549    
   1.819046    
   1.196504    
   1.434591    
   1.141293    
   1.335163    
   1.669344    
   1.908512    
   1.801833    
   1.302297    
   1.155896    
   1.248047    
   1.471428    
   1.300724    
   1.255728    
   1.258582    
   1.993978    
   1.298765    
   1.698761    
   1.911165    
   1.847351    
   1.478778    
   1.069381    
   1.104684    
   1.191786    
   1.706553    
   1.008147    
   1.245871    
   1.439653    
   1.491877    
   1.389613    
   1.017032    
   1.135657    
   1.299854    
   1.249231    
   1.638012    
   1.461392    
   1.843502    
   1.698389    
   1.941853    
   1.206857    
   1.179035    
   1.182262    
   1.957415    
   1.394393    
   1.733197    
   1.142462    
   1.799087    
   1.715652    
   1.213844    
   1.473120    
   1.954929    
   1.361720    
   1.584057    
   1.000310    
   1.964056    
   1.972109    
   1.659117    
   1.242597    
   1.405827    
   1.654280    
   1.735616    
   1.940201    
   1.418276    
   1.596257    
   1.920323    
   1.903858    
   1.116454    
   1.331532    
   1.357965    
   1.304043    
   1.474522    
   1.675398    
   1.127974    
   1.449785    
   1.550153    
   1.409032    
   1.401248    
   1.618305    
   1.208132    
   1.744505    
   1.023162    
   1.047345    
   1.377901    
   1.676037    
   1.959521    
   1.018198    
   1.432300    
   1.534675    
   1.288474    
   1.938174    
   1.587690    
   1.378044    
   1.584316    
   1.492311    
   1.322506    
   1.675751    
   1.168295    
   1.784188    
   1.548070    
   1.893682    
   1.907309    
   1.727119    
   1.745651    
   1.321514    
   1.821034    
   1.145237    
   1.736161    
   1.237183    
   1.050594    
   1.211923    
   1.736596    
   1.215503    
   1.559893    
   1.578177    
   1.167321    
   1.752816    
   1.178591    
   1.790235    
   1.425890    
   1.133438    
   1.196917    
   1.380455    
   1.940137    
   1.373550    
   1.610891    
   1.304522    
   1.589933    
   1.644799    
   1.093179    
   1.822678    
   1.475830    
   1.782788    
   1.939788    
   1.524381    
   1.392435    
   1.209160    
   1.367584    
   1.634027    
   1.106185    
   1.639567    
   1.562154    
   1.738946    
   1.671784    
   1.680354    
   1.387239    
   1.399406    
   1.728678    
   1.007086    
   1.028905    
   1.262852    
   1.121147    
   1.863901    
   1.360043    
   1.644201    
   1.225552    
   1.624378    
   1.372162    
   1.626034    
   1.310198    
   1.589566    
   1.965610    
   1.966505    
   1.181012    
   1.615463    
   1.039764    
   1.468280    
   1.343987    
   1.621017    
   1.092253    
   1.158794    
   1.149057    
   1.142496    
   1.416127    
   1.865010    
   1.918918    
   1.096781    
   1.720173    
   1.454215    
   1.429871    
   1.325748    
   1.170693    
   1.514359    
   1.636120    
   1.133650    
   1.427794    
   1.069747    
   1.781153    
   1.029533    
   1.584553    
   1.983548    
   1.866254    
   1.958699    
   1.360196    
   1.002016    
   1.322292    
   1.379440    
   1.949543    
   1.405739    
   1.411659    
   1.200970    
   1.041357    
   1.356173    
   1.829333    
   1.734650    
   1.276949    
   1.625217    
   1.844427    
   1.356788    
   1.520708    
   1.117113    
   1.149544    
   1.660441    
   1.146627    
   1.852671    
   1.266561    
   1.173169    
   1.058362    
   1.179815    
   1.870163    
   1.633661    
   1.456329    
   1.480240    
   1.685638    
   1.431296    
   1.110952    
   1.753998    
   1.250296    
   1.028935    
   1.704317    
   1.082045    
   1.403775    
   1.608019    
   1.707457    
   1.651240    
   1.994031    
   1.854079    
   1.272612    
   1.276690    
   1.108940    
   1.650933    
   1.192332    
   1.071351    
   1.183364    
   1.142347    
   1.247149    
   1.125875    
   1.127094    
   1.945738    
   1.736321    
   1.936528    
   1.130366    
   1.918470    
   1.455721    
   1.114143    
   1.807747    
   1.732253    
   1.582518    
   1.738761    
   1.755101    
   1.498233    
   1.227646    
   1.688348    
   1.253086    
   1.730259    
   1.329119    
   1.907376    
   1.925999    
   1.883554    
   1.013482    
   1.805097    
   1.857096    
   1.866969    
 -0.5233283    
 -0.5796666    
 -8.5859418E-02
 -0.5194021    
 -6.2298894E-02
 -0.2286290    
 -0.1495884    
 -0.7831224    
 -0.1009299    
 -0.9846012    
 -0.6859004    
 -0.1019291    
 -0.2222744    
 -0.4067948    
 -0.3942930    
 -0.9144893    
 -0.3111772    
 -0.8343218    
 -0.5481285    
 -0.7102345    
 -0.7282844    
 -1.2622774E-02
 -0.3135024    
 -7.4838281E-02
 -0.5185134    
 -0.1609327    
 -0.3812262    
 -0.1684322    
 -0.3913078    
 -0.8161065    
 -0.2757834    
 -0.3428702    
 -0.6902442    
 -0.7778021    
 -0.2853186    
 -0.6106411    
 -0.2576972    
 -0.2991388    
 -0.7295052    
 -0.9453428    
 -0.6437641    
 -0.1395173    
 -0.6395832    
 -0.3242235    
 -0.5940695    
 -0.3291619    
 -0.9774811    
 -0.9894026    
 -0.4517403    
 -0.9540446    
 -0.6854703    
 -0.3366321    
 -0.5654960    
 -5.9181750E-02
 -0.7636405    
 -0.6933641    
 -0.3824459    
 -4.8149288E-02
 -0.2150544    
 -0.8913422    
 -0.9774620    
 -6.6615880E-02
 -0.6146055    
 -0.6255385    
 -0.3677125    
 -0.8511991    
 -0.2312933    
 -0.7566723    
 -0.3252803    
 -0.6065539    
 -0.9657733    
 -0.8435609    
 -0.5273273    
 -0.6157079    
 -0.8376463    
 -2.4699688E-02
 -0.2791774    
 -0.1739587    
 -0.1617675    
 -0.6808836    
 -0.9350089    
 -0.8151615    
 -0.6606560    
 -0.5278823    
 -0.4090480    
 -0.1565062    
 -0.7085963    
 -0.6556708    
 -0.8834152    
 -0.3347481    
 -0.6236781    
 -0.5655934    
 -0.7578796    
 -0.6066797    
 -3.6569297E-02
 -0.2373607    
 -0.6362662    
 -0.2061979    
 -0.3777229    
 -5.8894992E-02
 -0.9198170    
 -0.4834235    
 -0.3331200    
 -3.6767781E-02
 -0.8175469    
 -0.8062209    
 -9.1994584E-02
 -0.6704574    
 -0.6508972    
 -0.4593284    
 -0.2395869    
 -0.1001988    
 -0.6961074    
 -0.7984385    
 -0.4238471    
 -0.5210022    
 -0.2950259    
 -0.1967768    
 -0.6135397    
 -0.1764202    
 -0.9757766    
 -0.7107610    
 -0.1443114    
 -5.3193808E-02
 -0.7178609    
 -0.8619401    
 -0.7102874    
 -0.2828343    
 -0.6953706    
 -0.2330389    
 -2.1644056E-02
 -0.7801751    
 -0.8344314    
 -0.8387153    
 -0.6277245    
 -0.8882927    
 -0.7756854    
 -0.1111636    
 -0.9770535    
 -0.3482960    
 -0.5992434    
 -7.9575896E-02
 -0.2071238    
 -7.0760369E-02
 -0.6727542    
 -0.5144378    
 -0.4269112    
 -0.4310360    
 -0.5379183    
 -0.8535699    
 -0.6705115    
 -0.2611026    
 -0.6824203    
 -0.1081742    
 -0.6765266    
 -0.6160872    
 -0.1438122    
 -0.9614769    
 -0.4490636    
 -0.7476765    
 -9.3185723E-02
 -0.1691976    
 -0.3360658    
 -0.2345512    
 -1.9235790E-02
 -0.5294825    
 -0.6499571    
 -7.6465487E-02
 -6.4895988E-02
 -0.5954733    
 -9.4137430E-02
 -0.1079848    
 -0.5332890    
 -0.3919113    
 -0.9513103    
 -0.7003573    
 -0.9479519    
 -0.5876396    
 -0.9520683    
 -0.2871768    
 -0.3096765    
 -0.3922049    
 -0.1207044    
 -0.5202914    
 -0.9884133    
 -0.6967583    
 -0.2199631    
 -0.8389531    
 -0.1049811    
 -0.5418578    
 -1.7313123E-02
 -0.7208495    
 -0.1264348    
 -0.1354803    
 -0.7700392    
 -0.5605924    
 -0.3581088    
 -0.2720237    
 -0.8534974    
 -0.1722254    
 -0.4909775    
 -0.9737495    
 -0.8619004    
 -0.7947177    
 -0.8175183    
 -0.4263454    
 -0.1200066    
 -0.8367222    
 -0.4178201    
 -0.5946959    
 -0.5638741    
 -0.7643048    
 -0.7571734    
 -0.5147538    
 -0.6814725    
 -0.3625174    
 -7.8106523E-02
 -0.2803119    
 -0.9358304    
 -0.4659933    
 -0.9655882    
 -0.9087836    
 -0.8940848    
 -0.3672677    
 -0.3795103    
 -0.3447681    
 -0.3020844    
 -0.9186346    
 -0.4095388    
 -0.8462726    
 -0.4271381    
 -0.3826461    
 -0.7076602    
 -0.4645222    
 -0.9504830    
 -0.7663934    
 -0.5742903    
 -0.5693218    
 -0.7313855    
 -0.7063932    
 -0.3063965    
 -6.7626297E-02
 -0.3883775    
 -0.3703449    
 -0.9197131    
 -0.4723722    
 -0.8791676    
 -0.2977592    
 -0.1323259    
 -0.5056695    
 -0.1717818    
 -8.0024123E-02
 -0.8449019    
 -0.2620522    
 -0.5217426    
 -3.6809862E-02
 -0.8486083    
 -0.1682607    
 -0.1107059    
 -0.8822314    
 -0.1922158    
 -0.4477310    
 -0.4251071    
 -0.3421386    
 -0.3714051    
 -9.6533775E-02
 -0.7812192    
 -0.2341449    
 -0.4057305    
 -2.0430744E-02
 -0.2111930    
 -0.4992617    
 -0.8618956    
 -0.5603403    
 -0.1841711    
 -0.1227298    
 -0.2892205    
 -0.9626178    
 -0.5225693    
 -0.9417773    
 -0.5304104    
 -0.4417176    
 -0.1528413    
 -0.8001595    
 -0.4956900    
 -0.4534965    
 -0.7266132    
 -0.3431317    
 -0.3090428    
 -0.8042970    
 -0.2190073    
 -0.6990333    
 -3.7403047E-02
 -0.4813852    
 -0.9475313    
 -0.2823535    
 -0.4843616    
 -0.6206315    
 -0.5038095    
 -0.3845206    
 -0.1931536    
 -0.7143605    
 -0.8970034    
 -0.2525419    
 -0.4514613    
 -0.4880526    
 -0.7859672    
 -0.4232489    
 -0.6480709    
 -2.9068649E-02
 -0.1738940    
 -3.6525249E-02
 -0.1092845    
 -0.2741760    
 -0.7496420    
 -0.9716770    
 -0.8207667    
 -0.2303591    
 -0.6622462    
 -0.2869768    
 -0.6584599    
 -0.5197108    
 -0.9606749    
 -0.7359213    
 -0.6563928    
 -0.7375679    
 -0.1401953    
 -0.3653677    
 -0.6621587    
 -6.1619401E-02
 -0.4287348    
 -0.4596685    
 -0.6560328    
 -0.3589765    
 -0.1524644    
 -0.6120926    
 -0.3194007    
 -0.7901986    
 -0.6785451    
 -5.0971627E-02
 -0.4507900    
 -8.6220205E-02
 -0.9356891    
 -0.6494468    
 -0.4502232    
 -0.7244581    
 -0.3162553    
 -0.9608669    
 -7.7552199E-03
 -0.3512102    
 -0.2683249    
 -0.3094310    
 -0.5410503    
 -3.7380219E-02
 -0.3794269    
 -0.3167444    
 -0.5722304    
 -0.1331143    
 -0.5602981    
 -0.1524354    
 -0.2097166    
 -0.2299311    
 -2.5054812E-03
 -0.9425796    
 -0.2626814    
 -0.8956156    
 -0.2595263    
 -0.5903585    
 -0.1966906    
 -0.4518847    
 -0.9286559    
 -0.1490177    
 -0.2324782    
 -0.9538259    
 -0.1300788    
 -3.3871233E-02
 -0.9969177    
 -0.2111912    
 -0.4135084    
 -0.4631021    
 -0.4001510    
 -0.6871490    
 -0.3717268    
 -0.6227410    
 -0.3298486    
 -0.1205683    
 -0.9547561    
 -3.0407846E-02
 -0.8169764    
 -0.2652647    
 -0.5938762    
 -0.9989079    
 -0.2833284    
 -0.5432244    
 -0.9847955    
 -6.1492562E-02
 -0.3065318    
 -0.5966575    
 -0.2536855    
 -0.6534958    
 -0.8976975    
 -0.7573891    
 -0.9290513    
 -0.2355502    
 -0.2407922    
 -0.2821109    
 -0.7725028    
 -0.4833947    
 -0.9450400    
 -2.7935803E-02
 -0.4901108    
 -0.1350277    
 -0.9235309    
 -0.7579778    
 -0.3488274    
 -0.2473327    
 -0.9951519    
 -0.9757795    
 -0.8526867    
 -3.9195240E-02
 -0.9935437    
 -0.3514643    
 -0.5342423    
 -0.4115067    
 -0.8401881    
 -0.7203336    
 -0.2225676    
 -0.5592630    
 -0.1847929    
 -0.1364388    
 -3.7004232E-02
 -0.2315730    
 -0.2635067    
 -0.7287435    
 -0.1776209    
 -0.9408889    
 -0.6491845    
 -0.7833893    
 -0.9836194    
 -0.2920491    
 -0.4991756    
 -0.7067142    
 -0.8019214    
 -0.5469625    
 -0.4284948    
 -0.8699772    
 -0.6701571    
 -0.1516170    
 -0.7031706    
 -0.7482899    
 -0.7039778    
 -0.7103304    
 -0.3595708    
 -0.8433470    
 -0.2002442    
 -0.9875330    
 -0.2074801    
 -0.2724504    
 -0.4551102    
 -0.6227090    
 -0.7889186    
 -0.8910822    
 -0.4296038    
 -0.4025305    
 -0.5497392    
 -0.4623367    
 -0.4562021    
 -0.3298725    
 -0.2769682    
 -0.5341347    
 -0.2165410    
 -0.6507367    
 -0.7143083    
 -0.3738776    
 -0.4451580    
 -0.2228670    
 -1.3812125E-02
 -0.7263768    
 -0.9360512    
 -0.1267839    
 -0.9855031    
 -0.2197284    
 -0.5073535    
 -0.4616864    
 -6.5112591E-02
 -4.8702598E-02
 -0.9244169    
 -0.5289720    
 -8.0251694E-03
 -0.3833780    
 -4.1559458E-02
 -0.1175315    
 -0.3608279    
 -0.5224453    
 -0.9565772    
 -0.9401770    
 -0.2834998    
 -0.8180944    
 -0.2353960    
 -0.8001459    
