  0.9559441    
  0.9282235    
   1.227858    
   1.161412    
   1.181106    
   1.059909    
  0.9935327    
  0.9955378    
  0.9108540    
   1.134244    
  0.8843918    
  0.7923294    
  0.9392880    
   1.048303    
  0.9837621    
   1.004798    
  0.8415500    
  0.9843360    
  0.8262503    
  0.9160725    
  0.9251071    
   1.114869    
   1.195149    
  0.9704094    
   1.094925    
   1.170935    
  0.9269561    
   1.020494    
   1.037043    
  0.9371850    
   1.156499    
  0.9297495    
  0.9186167    
   1.240302    
   1.025743    
   1.074009    
  0.8797638    
  0.9591756    
  0.9326569    
  0.9813355    
  0.9677564    
  0.9338574    
  0.8802856    
  0.8001962    
   1.008650    
   1.123701    
  0.9313298    
   1.149664    
   1.252422    
  0.8766522    
  0.9260827    
  0.8461803    
   1.028557    
   1.006769    
   1.171444    
   1.001130    
  0.8921142    
  0.9080486    
  0.9677453    
   1.068201    
   1.011229    
   1.066499    
  0.8023608    
  0.9732037    
   1.138346    
  0.8782539    
  0.8039563    
  0.9909511    
  0.8253940    
   1.200624    
  0.9032043    
  0.9290237    
  0.9568671    
  0.8748357    
  0.9464285    
  0.8768525    
   1.026142    
   1.026214    
  0.6604031    
   1.132420    
   1.071857    
   1.025446    
   1.144104    
   1.169302    
   1.115138    
   1.045720    
  0.9758718    
   1.230426    
  0.9509810    
  0.9787260    
   1.054947    
  0.7675382    
   1.081287    
  0.9348969    
  0.9768814    
  0.8642141    
  0.9923403    
  0.9802734    
  0.8713343    
   1.241165    
  0.9338506    
   1.131256    
   1.011467    
   1.054333    
  0.9164447    
  0.8348361    
   1.018164    
   1.112829    
  0.9810506    
  0.9008929    
   1.269714    
   1.235181    
  0.8145901    
   1.069646    
  0.9348456    
   1.111548    
  0.9799030    
  0.8571316    
  0.8978964    
   1.032628    
  0.8566662    
  0.9522809    
  0.8278882    
   1.071579    
  0.9654988    
   1.180448    
   1.058374    
   1.124908    
   1.073525    
  0.9961524    
   1.020947    
  0.9831458    
   1.024389    
   1.009102    
   1.029022    
   1.114134    
  0.9702468    
  0.9006467    
   1.062135    
   1.066055    
  0.9505287    
   1.131026    
   1.170009    
   1.150422    
   1.057207    
   1.095345    
  0.9713300    
   1.094992    
  0.9164037    
   1.023890    
  0.9429015    
   1.024331    
  0.7918999    
  0.9695601    
   1.056069    
   1.103444    
  0.8476447    
  0.9218117    
  0.8218856    
   1.042412    
  0.9126315    
   1.089257    
   1.083933    
  0.9604822    
   1.173565    
   1.010147    
  0.9981630    
   1.032916    
   1.012359    
  0.8786050    
  0.9487885    
   1.092080    
  0.8090110    
   1.024087    
   1.048171    
  0.8389442    
  0.7247526    
  0.8526260    
  0.9609431    
   1.107455    
  0.9099555    
   1.080287    
   1.035580    
  0.9318627    
   1.158652    
   1.069797    
  0.9278368    
  0.8958176    
  0.9484327    
   1.005463    
  0.9139217    
  0.8899045    
  0.8567939    
   1.153910    
   1.199197    
  0.9202650    
   1.082007    
  0.7557520    
  0.9227654    
  0.9020182    
   1.026443    
  0.9286416    
   1.134031    
   1.200261    
  0.8152081    
   1.148288    
   1.044867    
   1.028792    
  0.9796804    
   1.114249    
  0.8349941    
   1.000400    
   1.210838    
   1.061750    
  0.8887384    
  0.9345654    
  0.9984832    
   1.182235    
  0.9555273    
   1.075185    
  0.8774179    
  0.7968802    
   1.114201    
   1.103823    
  0.8672664    
  0.9612461    
   1.058055    
   1.035146    
   1.190081    
   1.012741    
  0.8375779    
  0.9441441    
   1.004369    
   1.044767    
  0.8819053    
  0.9791284    
  0.9770824    
  0.9419520    
   1.017093    
   1.077288    
  0.8803287    
  0.9420018    
  0.9381288    
   1.018670    
   1.021527    
   1.049735    
   1.048467    
   1.213761    
   1.130549    
   1.271832    
   1.016298    
   1.118901    
   1.095960    
  0.8424199    
  0.9601780    
  0.9436400    
  0.8743924    
  0.7942486    
   1.200721    
  0.9222069    
   1.068201    
   1.074947    
   1.074026    
   1.047871    
  0.7683968    
  0.8777136    
   1.094267    
  0.9112617    
   1.059010    
  0.8222666    
   1.034295    
   1.010111    
   1.204448    
   1.006522    
  0.9945650    
  0.9359149    
   1.020542    
   1.083102    
   1.037705    
  0.9852957    
  0.8217615    
   1.126128    
  0.9218426    
   1.076904    
  0.8112853    
  0.9823071    
  0.9366647    
   1.117597    
  0.9859351    
  0.8401253    
  0.9702854    
   1.089739    
   1.205985    
   1.164439    
   1.160522    
   1.172852    
   1.068817    
   1.035288    
  0.8803158    
   1.187481    
  0.9079188    
  0.9550395    
   1.043699    
  0.7534705    
  0.9099102    
  0.9400778    
  0.9610244    
  0.9711468    
   1.047074    
  0.8959616    
  0.9655573    
  0.9934317    
   1.036307    
   1.024897    
   1.080770    
  0.9885129    
  0.9721582    
  0.7897706    
   1.119000    
   1.212033    
  0.8098434    
   1.029273    
   1.098530    
  0.9620259    
   1.040848    
   1.045517    
   1.159597    
  0.8651246    
  0.8864965    
  0.9951552    
   1.260135    
  0.8172482    
  0.8946040    
   1.095622    
   1.078415    
   1.025890    
   1.059046    
   1.032218    
  0.8424578    
  0.9710462    
   1.098135    
  0.7383718    
   1.041754    
   1.063568    
   1.093085    
  0.8883935    
  0.9595501    
   1.052449    
   1.140544    
   1.049723    
  0.9008862    
   1.032467    
   1.246858    
   1.094544    
   1.009562    
   1.216752    
   1.016232    
  0.9804718    
   1.031878    
   1.001642    
  0.9748182    
   1.022810    
  0.9527415    
  0.9284166    
  0.8615417    
  0.8511348    
  0.9012026    
   1.067171    
   1.073373    
  0.9187782    
  0.9428768    
   1.086968    
   1.136439    
   1.101020    
  0.9349563    
   1.063269    
   1.028799    
  0.9100928    
   1.088828    
   1.031939    
   1.116448    
   1.199788    
  0.9482716    
   1.049382    
   1.100842    
   1.018524    
  0.9859588    
   1.167045    
  0.9077857    
  0.9333705    
   1.008349    
   1.027548    
   1.076625    
  0.9859070    
   1.122769    
   1.107946    
  0.7912775    
   1.071481    
   1.003180    
  0.8675277    
  0.9660465    
   1.069253    
  0.8590013    
  0.9897000    
   1.158176    
   1.017728    
   1.118754    
  0.9291397    
   1.140648    
   1.035380    
  0.8944516    
  0.9551387    
  0.9796056    
   1.037397    
   1.140267    
   1.081955    
   1.136052    
  0.6834726    
  0.8441430    
  0.8631469    
   1.186059    
  0.9984883    
  0.9919560    
  0.9480208    
  0.9595966    
   1.012936    
   1.054756    
   1.076802    
   1.106076    
  0.9454467    
  0.9691113    
  0.8973998    
   1.062248    
  0.9690744    
   1.052721    
  0.8424704    
   1.075541    
  0.9872718    
   1.003404    
  0.9565729    
  0.9070153    
   1.132752    
   1.093582    
   1.027140    
   1.042501    
   1.077584    
   1.136143    
   1.001065    
  0.8836147    
   1.044476    
   1.010875    
  0.9917294    
  0.8494855    
   1.017197    
   1.084210    
  0.7248415    
  0.9824106    
   1.120083    
  0.8129259    
  0.9386867    
  0.8591443    
   1.077506    
   1.065411    
  0.9693468    
   1.080737    
  0.9258066    
   1.018695    
  0.8445754    
  0.9922917    
  0.9701936    
  0.8076110    
  0.9393998    
  0.8998377    
   1.000936    
   1.038069    
  0.9684291    
   1.025729    
  0.8757930    
   1.127798    
  0.7934321    
  0.9818066    
   1.073462    
   1.087870    
   1.122109    
  0.8654181    
  0.9573866    
  0.9673624    
  0.8706080    
   1.041229    
   1.028111    
  0.9466829    
  0.8747634    
   1.113366    
   1.012380    
   1.079888    
   1.055087    
  0.8744540    
   1.032174    
  0.9226480    
  0.8450158    
  0.1067553    
 -0.1465674    
 -8.5976332E-02
  0.1206915    
  0.1248074    
 -2.9600859E-03
  5.0789773E-02
 -1.3160825E-02
 -0.1647411    
  0.1262687    
  0.2809102    
 -7.6497048E-02
 -1.4174700E-02
  0.2284103    
  7.5711310E-02
 -5.9101731E-02
  7.2481096E-02
 -6.8717152E-02
  9.8828793E-02
 -7.7080578E-02
 -0.1631445    
  8.9980781E-02
  3.5342813E-02
  0.1435047    
 -8.4694326E-03
 -0.2264548    
  6.7180634E-02
  0.1119584    
  0.1277979    
 -0.1999554    
 -4.4621348E-02
  5.9142232E-02
  0.1183544    
  6.7611992E-02
 -0.1019894    
 -3.1460255E-02
  0.2353591    
 -1.4764309E-02
 -6.8356633E-02
 -7.5398594E-02
  9.6236050E-02
 -9.3202263E-02
  0.1469321    
  9.5488012E-02
 -9.6525550E-02
  2.9043615E-02
 -8.8625699E-02
  0.2140994    
  0.1572989    
  9.7313523E-03
  0.1145508    
  3.9013565E-02
  8.6847723E-02
  1.4655769E-02
  0.2129713    
  0.2408449    
 -0.1162207    
  0.1103090    
  8.7696493E-02
  0.2428614    
 -3.7307411E-02
  0.1706259    
 -0.1399852    
  0.2780030    
  0.3020062    
 -2.7764171E-02
  0.1313789    
 -5.6879520E-02
 -0.1513294    
  1.1920929E-06
 -8.1790358E-02
  7.5589836E-02
  0.2002609    
 -5.3062767E-02
 -0.1340148    
  2.5203764E-02
 -5.1133752E-02
 -8.0380768E-02
 -3.3967584E-02
  0.1520413    
  0.1353950    
  0.1084601    
 -0.1132931    
 -8.0684096E-02
  9.2293024E-02
 -1.4682621E-02
 -0.1803255    
  0.1417322    
  0.2125745    
  8.6940646E-02
 -3.9932609E-02
 -2.7989596E-02
  0.1640238    
  7.9045296E-02
 -1.1413097E-03
  1.9405782E-02
 -0.1127783    
 -0.1634634    
  6.1243773E-04
  8.3085239E-02
  3.1017542E-02
 -1.9240886E-02
 -0.1025517    
 -0.1527605    
  0.1458868    
 -4.4256687E-02
  1.4608026E-02
  0.1211233    
  6.8166673E-02
 -0.2133679    
 -0.1579823    
 -0.2651674    
 -4.2747647E-02
  0.1664995    
 -8.7133080E-02
  1.1494339E-02
 -4.7119260E-02
  2.9043913E-02
  5.1122904E-04
  0.2547609    
  0.2915904    
  4.1322351E-02
 -0.1348709    
 -1.6604334E-02
  9.4150960E-02
  0.2017598    
  1.9131958E-02
 -7.8402877E-02
  0.1523240    
  0.1131278    
  0.1642249    
 -0.1745161    
 -3.0592948E-02
  0.1944790    
  0.2187181    
  0.1682646    
 -2.2690684E-02
 -0.1826927    
 -0.1087375    
 -0.2461792    
  0.1875737    
  2.7481437E-02
  1.7452240E-02
  1.9701600E-02
  0.1364289    
  4.9752414E-02
 -0.1807843    
  4.1531861E-02
  7.4099004E-02
 -0.1075086    
  0.1222245    
  5.8372557E-02
  2.7882278E-02
 -0.1238114    
 -0.1128156    
  3.6149442E-02
 -1.3436526E-02
 -5.4951608E-03
  3.0899584E-02
  0.1196918    
  2.3715675E-02
  7.8359127E-02
  5.2006781E-02
  3.0171692E-02
  1.1421084E-02
  2.4112999E-02
 -5.2085161E-02
 -5.7000846E-02
  0.1924604    
  0.1325024    
  0.1226068    
  0.2124856    
  0.1078728    
 -7.5006038E-02
  0.1411290    
 -2.4937660E-02
 -0.1510182    
 -0.1790913    
 -1.4452100E-02
  0.1010717    
 -2.2544235E-02
  0.1326019    
 -1.8681407E-02
 -4.5823544E-02
 -7.4994832E-02
 -8.9216232E-02
  7.5654328E-02
  9.9687278E-02
 -1.4707148E-03
 -3.4988225E-03
  0.1105778    
  4.5833349E-02
  0.1050925    
  7.6887846E-02
  3.7904024E-02
  0.1440676    
 -2.0543247E-02
  0.1696532    
 -0.1162621    
 -4.1096210E-03
  0.1907809    
 -3.1672448E-02
 -0.1916246    
  1.1577427E-02
  0.1103349    
  0.1651661    
  9.3425333E-02
  3.3394516E-02
  7.5880408E-02
 -0.1058423    
  0.1535516    
  6.4890027E-02
 -0.2667131    
  0.2942235    
 -5.5034250E-02
 -6.9686770E-02
 -5.7845563E-02
  4.7309458E-02
 -4.0937752E-02
 -0.2076998    
 -0.1467830    
 -0.1194933    
 -7.2798491E-02
  1.7076671E-02
 -0.1981869    
 -8.4455967E-02
 -1.1704206E-02
 -0.1925937    
  0.1315969    
 -0.1272882    
 -6.2998533E-02
 -0.2102216    
 -4.6041727E-02
 -8.0371976E-02
  2.2717535E-02
  5.4456413E-02
  7.6612771E-02
  1.6649544E-02
  0.1147656    
  2.7016461E-02
  0.1111991    
  5.4746389E-02
  0.1506296    
 -8.0994457E-02
  8.0675602E-02
  0.2518837    
 -3.7236243E-02
 -8.1083775E-02
  0.2938912    
 -0.2155171    
  0.1573753    
  3.5793722E-02
  0.1970863    
 -2.1759421E-02
 -1.0085613E-02
 -5.5167407E-02
  0.1417318    
  2.7666032E-02
 -0.1167430    
 -0.1318859    
  5.9559941E-02
 -0.1941063    
  0.1617698    
 -0.2010789    
 -2.8028786E-03
  0.1824489    
  4.7481060E-03
  0.1559929    
  8.8353157E-03
 -5.1512986E-02
 -0.1623826    
  8.7480962E-02
 -0.1863690    
  9.6752346E-02
 -3.9345860E-02
 -4.7787756E-02
  0.1057343    
 -4.0881157E-02
  5.1112831E-02
  0.1538615    
 -6.8479180E-02
  0.2309757    
  0.1441520    
  0.1083713    
 -0.2252250    
 -0.1729356    
  0.2999821    
 -7.1029663E-03
 -9.8054439E-02
 -0.2806678    
 -0.1177224    
 -9.1257691E-04
  1.3960719E-02
 -0.1618961    
  0.2210011    
  0.1072304    
 -0.1018125    
 -0.1555746    
  0.1414359    
  0.1990981    
 -7.2829694E-02
 -6.5413147E-02
  9.4348788E-03
  3.7841201E-03
  0.2010028    
  0.1359503    
 -0.1251785    
 -0.1336449    
  0.2018240    
  5.3736269E-02
  6.9062710E-03
  4.8502922E-02
  7.2965205E-02
 -6.6080719E-02
  3.2577932E-02
 -0.1494927    
  0.1421357    
 -0.1844611    
  0.1801074    
 -0.1217177    
 -1.0686129E-02
 -8.2511902E-02
  0.1380133    
 -2.0053595E-02
  1.7694294E-02
 -3.8363814E-02
 -3.6812782E-02
 -0.1145829    
 -7.0785314E-02
 -7.7908933E-03
  1.4266908E-02
 -0.2480224    
 -3.1183094E-02
 -1.4806420E-02
 -0.1228458    
 -0.1589667    
 -2.9395580E-02
 -0.1821615    
 -1.3693482E-02
 -7.8264385E-02
 -2.0077527E-03
  9.8057866E-02
 -2.9117495E-02
  5.9579670E-02
 -0.2452706    
 -4.1560054E-02
 -7.4728936E-02
  3.7847519E-02
 -7.0965290E-04
 -0.3056934    
  5.9443116E-03
  0.1920580    
 -8.7365478E-02
 -6.3023090E-02
  9.1796517E-03
  4.0257454E-02
 -0.2331232    
  0.3117287    
  0.1343334    
  4.2501390E-02
 -7.3132783E-02
 -0.1545906    
 -4.0191203E-02
 -0.2894884    
 -4.3177605E-03
 -0.1864353    
 -0.1079612    
 -8.3925724E-03
  3.2004178E-02
 -4.5749545E-02
 -0.1296029    
 -3.5578310E-03
  2.2342026E-02
 -0.2566815    
 -4.0768027E-02
 -0.1772619    
 -0.2112076    
  0.1151127    
 -0.1379117    
 -0.1166846    
  4.0357113E-03
 -2.5358200E-03
  0.1490577    
  3.8487852E-02
 -6.2595397E-02
 -5.5272698E-02
  1.2880683E-02
  4.9926698E-02
  0.1220689    
 -8.9333355E-03
 -0.1904224    
  8.1481159E-02
  4.6467662E-02
 -3.2022953E-02
  0.2371194    
  4.5304716E-02
 -1.8941194E-02
  8.9202940E-02
 -8.8501066E-02
  6.2914908E-02
 -0.1883252    
  9.4049990E-02
  7.0329845E-02
  0.1127246    
 -2.9439330E-02
 -0.1211397    
 -5.9568018E-02
  4.4950068E-02
 -2.0424366E-02
  0.1516587    
  3.2729030E-02
 -8.5140318E-02
 -6.4674765E-02
 -9.7468019E-02
  3.9655507E-02
  1.6643584E-02
  0.3305295    
  1.4022589E-02
 -0.2046944    
 -5.4687947E-02
  0.1383772    
  5.8634281E-03
 -0.1657128    
  0.2660939    
  3.0990899E-02
  0.1662598    
 -5.1189363E-03
  0.1567283    
  3.2539368E-03
 -0.1732138    
 -0.1101254    
  0.1957815    
 -9.3666345E-02
 -5.1461011E-02
  0.1538498    
  0.1328447    
  4.4268072E-02
 -7.5325876E-02
  0.1414246    
  5.4049909E-02
  0.1011840    
 -7.2968006E-02
  0.1584265    
 -6.5562487E-02
  6.2017679E-02
 -9.7263366E-02
 -0.1147802    
  0.1054642    
 -0.1968001    
 -2.3778915E-02
  7.4395657E-02
  9.2137396E-02
 -0.2143918    
 -7.8256845E-02
  0.1029227    
  3.0683100E-02
 -0.1049128    
  8.7342083E-02
  8.0501497E-02
  9.4220102E-02
 -8.8763207E-02
  1.9262552E-02
 -0.1364555    
  5.5745840E-02
  0.1443204    
 -5.5447370E-02
  1.5523732E-02
  0.1123920    
  9.9755704E-02
 -0.1698377    
  7.8801095E-02
 -0.1576631    
 -3.8017035E-02
 -0.1273750    
  0.1259865    
  4.3858767E-02
  6.4691067E-02
 -5.2306771E-02
  6.9319546E-02
 -7.7587605E-02
  0.1055217    
  7.4189842E-02
  8.4578991E-03
  6.3937962E-02
 -0.1176517    
  0.1206549    
  6.4564228E-02
 -6.6088408E-02
  8.1527770E-02
  3.2834291E-02
 -4.0458560E-02
 -0.1296921    
  0.1158435    
 -3.0766249E-02
 -5.6726038E-03
  0.3018158    
  1.6386211E-02
 -1.0341763E-02
  4.2803526E-02
 -3.8527250E-02
