  2.2477936E-05
  8.5032448E-02
  0.6013526    
  0.8916113    
  0.9679557    
  0.1896898    
  0.5149758    
  0.3980084    
  0.2629062    
  0.7435125    
  8.9547768E-02
  0.5603899    
  0.5822297    
  0.8095667    
  0.5919188    
  0.5117126    
  0.8766339    
  0.9950845    
  0.7262117    
  0.9666114    
  0.2971023    
  0.4260508    
  0.8994977    
  0.6529987    
  0.9015343    
  0.9615331    
  0.1647129    
  0.8579873    
  0.9068446    
  0.2940261    
  0.9362436    
  0.4146446    
  0.3084567    
  0.5148929    
  0.3954298    
  0.7897846    
  0.6891414    
  0.5442728    
  0.5924073    
  9.3629912E-02
  0.6094846    
  0.4322595    
  0.5995493    
  0.8449274    
  0.4923820    
  0.7728465    
  7.1661904E-02
  0.1918589    
  0.2236080    
  0.7803668    
  8.3967216E-02
  0.1813432    
  0.6166970    
  0.5791415    
  0.7393117    
  0.3141314    
  0.4388435    
  0.4119846    
  0.9088892    
  0.9923055    
  0.5770580    
  0.1639224    
  0.6985216    
  0.3348482    
  0.4557825    
  7.6218203E-02
  0.1287973    
  0.1745239    
  0.4417774    
  3.7299916E-02
  0.5041633    
  0.4674148    
  0.5790159    
  0.6741127    
  9.3411505E-02
  6.6703252E-02
  0.8327026    
  0.3897825    
  0.1908634    
  0.1653987    
  0.9585463    
  0.9908043    
  0.1135645    
  0.8706391    
  0.6222509    
  0.6726526    
  0.6140454    
  0.5877059    
  0.1509033    
  0.2550144    
  0.7989392    
  0.5930455    
  0.8966516    
  0.2717201    
  0.1979505    
  0.2704812    
  0.3963683    
  9.5930226E-02
  0.6480834    
  0.6325563    
  0.1250886    
  0.1512728    
  8.8851459E-02
  0.9488625    
  0.5406361    
  4.2604253E-02
  0.5499728    
  0.7350891    
  0.4845449    
  0.4654970    
  7.2553405E-03
  0.2225395    
  0.2061812    
  0.5714842    
  0.1150091    
  0.6045694    
  0.1701373    
  0.6980018    
  0.2440319    
  0.6646857    
  4.1353475E-02
  0.1736522    
  0.3658460    
  0.7514945    
  0.3933796    
  0.8249169    
  0.5634802    
  0.7530959    
  0.6925964    
  0.3190493    
  0.8284380    
  0.5325512    
  0.7804095    
  0.1475541    
  0.5853368    
  0.7926281    
  0.9524334    
  0.9125310    
  0.7836339    
  0.7943811    
  0.5720621    
  9.4084013E-03
  0.1529181    
  0.5100529    
  0.7612914    
  0.2955936    
  0.6014493    
  0.5599189    
  0.8471236    
  0.5041725    
  0.9114439    
  0.3100162    
  0.7934781    
  0.9825789    
  6.3639961E-02
  0.9644553    
  0.2222131    
  0.4485636    
  0.6137910    
  0.3035139    
  0.9174464    
  5.6208406E-02
  0.2360175    
  0.8019191    
  0.4363486    
  0.9838125    
  0.6138064    
  5.1062576E-02
  0.8416076    
  0.2398034    
  0.5522592    
  0.1046995    
  0.9490902    
  0.5347968    
  0.1787724    
  0.5214069    
  0.8352081    
  0.3299795    
  0.4401052    
  0.3176381    
  0.7072772    
  0.9778584    
  0.2031393    
  0.7350866    
  0.3620176    
  0.9536167    
  3.4203757E-02
  4.9468204E-02
  0.8796498    
  0.5725380    
  0.9817916    
  6.0845405E-02
  6.8629436E-02
  0.8116285    
  0.1191394    
  0.9791864    
  0.3072906    
  0.2258254    
  0.8165442    
  0.4063695    
  0.8619797    
  0.6190463    
  0.9833182    
  0.7545563    
  0.1878543    
  0.9159882    
  0.6665293    
  3.6492243E-02
  0.5170150    
  0.8305760    
  0.7351392    
  0.9036428    
  0.7427063    
  0.1759922    
  0.3197896    
  0.5667828    
  0.1744179    
  0.3281818    
  0.6653144    
  0.3945692    
  0.2515478    
  0.4645520    
  0.3891608    
  0.1832684    
  0.5464411    
  0.2574997    
  0.7681343    
  0.6105492    
  0.8190466    
  0.1965038    
  0.4345910    
  0.1412926    
  0.3351633    
  0.6693441    
  0.9085124    
  0.8018335    
  0.3022965    
  0.1558958    
  0.2480469    
  0.4714280    
  0.3007241    
  0.2557282    
  0.2585816    
  0.9939777    
  0.2987653    
  0.6987614    
  0.9111651    
  0.8473510    
  0.4787775    
  6.9381297E-02
  0.1046838    
  0.1917861    
  0.7065527    
  8.1466278E-03
  0.2458710    
  0.4396530    
  0.4918769    
  0.3896132    
  1.7031668E-02
  0.1356570    
  0.2998539    
  0.2492312    
  0.6380117    
  0.4613918    
  0.8435023    
  0.6983891    
  0.9418534    
  0.2068567    
  0.1790347    
  0.1822618    
  0.9574153    
  0.3943928    
  0.7331968    
  0.1424623    
  0.7990867    
  0.7156515    
  0.2138442    
  0.4731196    
  0.9549287    
  0.3617200    
  0.5840567    
  3.1000096E-04
  0.9640565    
  0.9721087    
  0.6591171    
  0.2425971    
  0.4058266    
  0.6542797    
  0.7356164    
  0.9402005    
  0.4182759    
  0.5962570    
  0.9203228    
  0.9038577    
  0.1164536    
  0.3315315    
  0.3579645    
  0.3040433    
  0.4745225    
  0.6753978    
  0.1279743    
  0.4497845    
  0.5501525    
  0.4090324    
  0.4012475    
  0.6183051    
  0.2081321    
  0.7445055    
  2.3161884E-02
  4.7344740E-02
  0.3779013    
  0.6760365    
  0.9595206    
  1.8197931E-02
  0.4322996    
  0.5346748    
  0.2884742    
  0.9381738    
  0.5876899    
  0.3780445    
  0.5843155    
  0.4923106    
  0.3225058    
  0.6757509    
  0.1682953    
  0.7841882    
  0.5480701    
  0.8936816    
  0.9073093    
  0.7271187    
  0.7456511    
  0.3215144    
  0.8210343    
  0.1452370    
  0.7361612    
  0.2371828    
  5.0593771E-02
  0.2119230    
  0.7365958    
  0.2155033    
  0.5598927    
  0.5781767    
  0.1673210    
  0.7528160    
  0.1785915    
  0.7902349    
  0.4258899    
  0.1334382    
  0.1969170    
  0.3804549    
  0.9401374    
  0.3735496    
  0.6108907    
  0.3045222    
  0.5899328    
  0.6447990    
  9.3178570E-02
  0.8226777    
  0.4758298    
  0.7827876    
  0.9397883    
  0.5243809    
  0.3924346    
  0.2091601    
  0.3675837    
  0.6340268    
  0.1061847    
  0.6395675    
  0.5621541    
  0.7389462    
  0.6717839    
  0.6803544    
  0.3872387    
  0.3994060    
  0.7286778    
  7.0855981E-03
  2.8904784E-02
  0.2628518    
  0.1211465    
  0.8639009    
  0.3600432    
  0.6442010    
  0.2255521    
  0.6243784    
  0.3721619    
  0.6260345    
  0.3101985    
  0.5895665    
  0.9656101    
  0.9665053    
  0.1810117    
  0.6154635    
  3.9764419E-02
  0.4682800    
  0.3439875    
  0.6210166    
  9.2253298E-02
  0.1587941    
  0.1490573    
  0.1424958    
  0.4161270    
  0.8650104    
  0.9189181    
  9.6781090E-02
  0.7201726    
  0.4542154    
  0.4298715    
  0.3257478    
  0.1706928    
  0.5143592    
  0.6361197    
  0.1336502    
  0.4277945    
  6.9747493E-02
  0.7811528    
  2.9532939E-02
  0.5845535    
  0.9835484    
  0.8662543    
  0.9586990    
  0.3601956    
  2.0161648E-03
  0.3222924    
  0.3794400    
  0.9495433    
  0.4057387    
  0.4116592    
  0.2009704    
  4.1357256E-02
  0.3561730    
  0.8293330    
  0.7346497    
  0.2769494    
  0.6252169    
  0.8444274    
  0.3567882    
  0.5207084    
  0.1171127    
  0.1495445    
  0.6604410    
  0.1466274    
  0.8526707    
  0.2665612    
  0.1731694    
  5.8361746E-02
  0.1798154    
  0.8701629    
  0.6336612    
  0.4563295    
  0.4802404    
  0.6856380    
  0.4312964    
  0.1109518    
  0.7539983    
  0.2502958    
  2.8934646E-02
  0.7043169    
  8.2045197E-02
  0.4037747    
  0.6080195    
  0.7074569    
  0.6512398    
  0.9940307    
  0.8540795    
  0.2726125    
  0.2766901    
  0.1089402    
  0.6509331    
  0.1923323    
  7.1350984E-02
  0.1833636    
  0.1423473    
  0.2471489    
  0.1258753    
  0.1270938    
  0.9457384    
  0.7363207    
  0.9365277    
  0.1303664    
  0.9184698    
  0.4557211    
  0.1141432    
  0.8077465    
  0.7322530    
  0.5825183    
  0.7387615    
  0.7551014    
  0.4982335    
  0.2276458    
  0.6883481    
  0.2530863    
  0.7302589    
  0.3291191    
  0.9073756    
  0.9259987    
  0.8835536    
  1.3482321E-02
  0.8050974    
  0.8570957    
  0.8669693    
  0.4766717    
  0.4203334    
  0.9141406    
  0.4805978    
  0.9377011    
  0.7713710    
  0.8504116    
  0.2168776    
  0.8990701    
  1.5398772E-02
  0.3140995    
  0.8980709    
  0.7777256    
  0.5932052    
  0.6057070    
  8.5510738E-02
  0.6888228    
  0.1656782    
  0.4518715    
  0.2897655    
  0.2717157    
  0.9873772    
  0.6864976    
  0.9251617    
  0.4814866    
  0.8390673    
  0.6187738    
  0.8315678    
  0.6086922    
  0.1838935    
  0.7242166    
  0.6571298    
  0.3097558    
  0.2221979    
  0.7146814    
  0.3893589    
  0.7423028    
  0.7008612    
  0.2704948    
  5.4657169E-02
  0.3562358    
  0.8604827    
  0.3604167    
  0.6757765    
  0.4059305    
  0.6708381    
  2.2518916E-02
  1.0597425E-02
  0.5482597    
  4.5955431E-02
  0.3145297    
  0.6633679    
  0.4345040    
  0.9408183    
  0.2363594    
  0.3066358    
  0.6175541    
  0.9518507    
  0.7849456    
  0.1086578    
  2.2538032E-02
  0.9333841    
  0.3853944    
  0.3744615    
  0.6322875    
  0.1488009    
  0.7687067    
  0.2433278    
  0.6747197    
  0.3934461    
  3.4226686E-02
  0.1564391    
  0.4726727    
  0.3842921    
  0.1623537    
  0.9753003    
  0.7208226    
  0.8260413    
  0.8382325    
  0.3191164    
  6.4991087E-02
  0.1848385    
  0.3393440    
  0.4721176    
  0.5909520    
  0.8434938    
  0.2914036    
  0.3443292    
  0.1165848    
  0.6652519    
  0.3763219    
  0.4344066    
  0.2421204    
  0.3933203    
  0.9634307    
  0.7626393    
  0.3637338    
  0.7938021    
  0.6222771    
  0.9411050    
  8.0183059E-02
  0.5165765    
  0.6668800    
  0.9632322    
  0.1824531    
  0.1937790    
  0.9080054    
  0.3295426    
  0.3491028    
  0.5406716    
  0.7604131    
  0.8998012    
  0.3038926    
  0.2015615    
  0.5761529    
  0.4789979    
  0.7049741    
  0.8032232    
  0.3864603    
  0.8235798    
  2.4223432E-02
  0.2892390    
  0.8556886    
  0.9468062    
  0.2821391    
  0.1380599    
  0.2897126    
  0.7171657    
  0.3046294    
  0.7669611    
  0.9783559    
  0.2198249    
  0.1655686    
  0.1612847    
  0.3722755    
  0.1117073    
  0.2243146    
  0.8888364    
  2.2946525E-02
  0.6517040    
  0.4007566    
  0.9204241    
  0.7928762    
  0.9292396    
  0.3272459    
  0.4855622    
  0.5730888    
  0.5689640    
  0.4620817    
  0.1464301    
  0.3294885    
  0.7388974    
  0.3175797    
  0.8918258    
  0.3234734    
  0.3839128    
  0.8561878    
  3.8523149E-02
  0.5509364    
  0.2523235    
  0.9068143    
  0.8308024    
  0.6639342    
  0.7654488    
  0.9807642    
  0.4705175    
  0.3500430    
  0.9235345    
  0.9351040    
  0.4045267    
  0.9058626    
  0.8920152    
  0.4667110    
  0.6080887    
  4.8689682E-02
  0.2996427    
  5.2048068E-02
  0.4123604    
  4.7931734E-02
  0.7128232    
  0.6903235    
  0.6077951    
  0.8792956    
  0.4797086    
  1.1586734E-02
  0.3032417    
  0.7800369    
  0.1610469    
  0.8950189    
  0.4581422    
  0.9826869    
  0.2791505    
  0.8735652    
  0.8645197    
  0.2299608    
  0.4394076    
  0.6418912    
  0.7279763    
  0.1465026    
  0.8277746    
  0.5090225    
  2.6250504E-02
  0.1380996    
  0.2052823    
  0.1824817    
  0.5736546    
  0.8799934    
  0.1632778    
  0.5821799    
  0.4053041    
  0.4361259    
  0.2356952    
  0.2428267    
  0.4852462    
  0.3185274    
  0.6374826    
  0.9218935    
  0.7196881    
  6.4169668E-02
  0.5340067    
  3.4411784E-02
  9.1216378E-02
  0.1059152    
  0.6327323    
  0.6204897    
  0.6552319    
  0.6979156    
  8.1365429E-02
  0.5904612    
  0.1537274    
  0.5728619    
  0.6173539    
  0.2923398    
  0.5354778    
  4.9516968E-02
  0.2336066    
  0.4257097    
  0.4306782    
  0.2686146    
  0.2936068    
  0.6936035    
  0.9323737    
  0.6116225    
  0.6296551    
  8.0286875E-02
  0.5276278    
  0.1208324    
  0.7022408    
  0.8676741    
  0.4943305    
  0.8282182    
  0.9199759    
  0.1550981    
  0.7379478    
  0.4782574    
  0.9631901    
  0.1513918    
  0.8317393    
  0.8892941    
  0.1177686    
  0.8077842    
  0.5522690    
  0.5748929    
  0.6578614    
  0.6285949    
  0.9034662    
  0.2187808    
  0.7658551    
  0.5942695    
  0.9795693    
  0.7888070    
  0.5007383    
  0.1381044    
  0.4396597    
  0.8158289    
  0.8772702    
  0.7107795    
  3.7382226E-02
  0.4774307    
  5.8222733E-02
  0.4695896    
  0.5582824    
  0.8471587    
  0.1998406    
  0.5043100    
  0.5465035    
  0.2733869    
  0.6568683    
  0.6909572    
  0.1957030    
  0.7809927    
  0.3009667    
  0.9625970    
  0.5186148    
  5.2468721E-02
  0.7176465    
  0.5156384    
  0.3793685    
  0.4961906    
  0.6154794    
  0.8068464    
  0.2856395    
  0.1029966    
  0.7474581    
  0.5485387    
  0.5119474    
  0.2140328    
  0.5767511    
  0.3519291    
  0.9709314    
  0.8261060    
  0.9634748    
  0.8907155    
  0.7258240    
  0.2503580    
  2.8322995E-02
  0.1792333    
  0.7696409    
  0.3377538    
  0.7130232    
  0.3415401    
  0.4802892    
  3.9325144E-02
  0.2640787    
  0.3436072    
  0.2624321    
  0.8598047    
  0.6346323    
  0.3378413    
  0.9383806    
  0.5712652    
  0.5403315    
  0.3439672    
  0.6410235    
  0.8475356    
  0.3879074    
  0.6805993    
  0.2098014    
  0.3214549    
  0.9490284    
  0.5492100    
  0.9137798    
  6.4310879E-02
  0.3505531    
  0.5497768    
  0.2755419    
  0.6837447    
  3.9133064E-02
  0.9922448    
  0.6487898    
  0.7316751    
  0.6905690    
  0.4589497    
  0.9626198    
  0.6205731    
  0.6832556    
  0.4277696    
  0.8668857    
  0.4397019    
  0.8475646    
  0.7902834    
  0.7700689    
  0.9974945    
  5.7420343E-02
  0.7373186    
  0.1043844    
  0.7404737    
  0.4096415    
  0.8033094    
  0.5481153    
  7.1344100E-02
  0.8509823    
  0.7675218    
  4.6174098E-02
  0.8699212    
  0.9661288    
  3.0823643E-03
  0.7888088    
  0.5864916    
  0.5368979    
  0.5998490    
  0.3128510    
  0.6282732    
  0.3772590    
  0.6701514    
  0.8794317    
  4.5243926E-02
  0.9695922    
  0.1830236    
  0.7347353    
  0.4061238    
  1.0920982E-03
  0.7166716    
  0.4567756    
  1.5204543E-02
  0.9385074    
  0.6934682    
  0.4033425    
  0.7463145    
  0.3465042    
  0.1023025    
  0.2426109    
  7.0948698E-02
  0.7644498    
  0.7592078    
  0.7178891    
  0.2274972    
  0.5166053    
  5.4959957E-02
  0.9720642    
  0.5098892    
  0.8649723    
  7.6469146E-02
  0.2420222    
  0.6511726    
  0.7526673    
  4.8481328E-03
  2.4220491E-02
  0.1473133    
  0.9608048    
  6.4562270E-03
  0.6485357    
  0.4657577    
  0.5884933    
  0.1598119    
  0.2796664    
  0.7774324    
  0.4407370    
  0.8152071    
  0.8635612    
  0.9629958    
  0.7684270    
  0.7364933    
  0.2712565    
  0.8223791    
  5.9111077E-02
  0.3508155    
  0.2166107    
  1.6380601E-02
  0.7079509    
  0.5008244    
  0.2932858    
  0.1980786    
  0.4530375    
  0.5715052    
  0.1300228    
  0.3298429    
  0.8483830    
  0.2968294    
  0.2517101    
  0.2960222    
  0.2896696    
  0.6404292    
  0.1566531    
  0.7997558    
  1.2466958E-02
  0.7925199    
  0.7275496    
  0.5448898    
  0.3772909    
  0.2110814    
  0.1089178    
  0.5703962    
  0.5974695    
  0.4502608    
  0.5376633    
  0.5437979    
  0.6701275    
  0.7230318    
  0.4658653    
  0.7834590    
  0.3492633    
  0.2856917    
  0.6261224    
  0.5548420    
  0.7771330    
  0.9861879    
  0.2736232    
  6.3948818E-02
  0.8732161    
  1.4496909E-02
  0.7802716    
  0.4926465    
  0.5383136    
  0.9348874    
  0.9512974    
  7.5583085E-02
  0.4710280    
  0.9919748    
  0.6166220    
  0.9584405    
  0.8824685    
  0.6391721    
  0.4775547    
  4.3422755E-02
  5.9823010E-02
  0.7165002    
  0.1819056    
  0.7646040    
  0.1998541    
