 Cluster           1 :
   2.24779360E-05
   3.10000964E-04
   1.09209819E-03
   2.01616483E-03
   3.08236433E-03
   4.84813284E-03
   6.45622704E-03
   7.08559807E-03
   7.25534046E-03
   8.14662781E-03
   9.40840133E-03
   1.05974246E-02
   1.15867341E-02
   1.24669578E-02
   1.34823211E-02
   1.44969095E-02
   1.52045432E-02
   1.53987724E-02
   1.63806006E-02
   1.70316678E-02
   1.81979313E-02
   2.25189161E-02
   2.25380324E-02
   2.29465254E-02
   2.31618844E-02
   2.42204908E-02
   2.42234319E-02
   2.62505040E-02
   2.83229947E-02
   2.89047845E-02
   2.89346464E-02
   2.95329392E-02
   3.42037566E-02
   3.42266858E-02
   3.44117843E-02
   3.64922434E-02
   3.72999161E-02
   3.73822264E-02
   3.85231487E-02
   3.91330644E-02
   3.93251441E-02
   3.97644192E-02
   4.13534753E-02
   4.13572565E-02
   4.26042527E-02
   4.34227549E-02
   4.52439263E-02
   4.59554307E-02
   4.61740978E-02
   4.73447405E-02
   4.79317345E-02
   4.86896820E-02
   4.94682044E-02
   4.95169684E-02
   5.05937710E-02
   5.10625765E-02
   5.20480685E-02
   5.24687208E-02
   5.46571687E-02
   5.49599566E-02
   5.62084056E-02
   5.74203432E-02
   5.82227334E-02
   5.83617464E-02
   5.91110773E-02
   5.98230101E-02
   6.08454049E-02
   6.36399612E-02
   6.39488176E-02
   6.41696677E-02
   6.43108785E-02
   6.49910867E-02
   6.67032525E-02
   6.86294362E-02
   6.93812966E-02
   6.97474927E-02
   7.09486976E-02
   7.13440999E-02
   7.13509843E-02
   7.16619045E-02
   7.55830854E-02
   7.62182027E-02
   7.64691457E-02
   8.01830590E-02
   8.02868754E-02
   8.13654289E-02
   8.20451975E-02
   8.39672163E-02
   8.50324482E-02
   8.55107382E-02
   8.88514593E-02
   8.95477682E-02
   9.12163779E-02
   9.22532976E-02
   9.31785703E-02
   9.34115052E-02
   9.36299115E-02
   9.59302261E-02
   9.67810899E-02
  0.102302499    
 Cluster           2 :
  0.102996603    
  0.104384400    
  0.104683802    
  0.104699500    
  0.105915204    
  0.106184699    
  0.108657800    
  0.108917803    
  0.108940199    
  0.110951804    
  0.111707300    
  0.113564499    
  0.114143200    
  0.115009099    
  0.116453603    
  0.116584800    
  0.117112704    
  0.117768601    
  0.119139403    
  0.120832399    
  0.121146500    
  0.125088602    
  0.125875294    
  0.127093807    
  0.127974302    
  0.128797293    
  0.130022794    
  0.130366400    
  0.133438200    
  0.133650199    
  0.135656998    
  0.138059899    
  0.138099596    
  0.138104394    
  0.141292602    
  0.142347306    
  0.142462298    
  0.142495796    
  0.145236999    
  0.146430105    
  0.146502599    
  0.146627396    
  0.147313297    
  0.147554100    
  0.148800895    
  0.149057299    
  0.149544507    
  0.150903299    
  0.151272804    
  0.151391804    
  0.152918100    
  0.153727397    
  0.155098096    
  0.155895799    
  0.156439096    
  0.156653106    
  0.158794105    
  0.159811899    
  0.161046907    
  0.161284700    
  0.162353694    
  0.163277805    
  0.163922399    
  0.164712906    
  0.165398702    
  0.165568605    
  0.165678203    
  0.167320997    
  0.168295294    
  0.170137301    
  0.170692801    
  0.173169404    
  0.173652202    
  0.174417898    
  0.174523905    
  0.175992206    
  0.178591505    
  0.178772405    
  0.179034695    
  0.179233298    
  0.179815397    
  0.181011707    
  0.181343198    
  0.181905597    
  0.182261795    
  0.182453096    
  0.182481706    
  0.183023602    
  0.183268398    
  0.183363602    
  0.183893502    
  0.184838504    
  0.187854305    
  0.189689800    
  0.190863401    
  0.191786095    
  0.191858903    
  0.192332298    
  0.193779007    
  0.195703000    
 Cluster           3 :
  0.196503803    
  0.196916997    
  0.197950497    
  0.198078603    
  0.199840605    
  0.199854106    
  0.200970396    
  0.201561496    
  0.203139305    
  0.205282301    
  0.206181198    
  0.206856698    
  0.208132103    
  0.209160104    
  0.209801406    
  0.211081401    
  0.211923003    
  0.213844195    
  0.214032799    
  0.215503305    
  0.216610700    
  0.216877595    
  0.218780801    
  0.219824895    
  0.222197905    
  0.222213104    
  0.222539499    
  0.223608002    
  0.224314600    
  0.225552097    
  0.225825399    
  0.227497205    
  0.227645800    
  0.229960799    
  0.233606607    
  0.235695198    
  0.236017495    
  0.236359403    
  0.237182796    
  0.239803404    
  0.242022201    
  0.242120400    
  0.242597103    
  0.242610902    
  0.242826700    
  0.243327796    
  0.244031906    
  0.245871007    
  0.247148901    
  0.248046905    
  0.249231204    
  0.250295788    
  0.250357985    
  0.251547813    
  0.251710087    
  0.252323508    
  0.253086299    
  0.255014390    
  0.255728185    
  0.257499695    
  0.258581609    
  0.262432098    
  0.262851804    
  0.262906194    
  0.264078707    
  0.266561210    
  0.268614590    
  0.270481199    
  0.270494789    
  0.271256506    
  0.271715701    
  0.271720111    
  0.272612512    
  0.273386896    
  0.273623198    
  0.275541902    
  0.276690096    
  0.276949406    
  0.279150486    
  0.279666394    
  0.282139093    
  0.285639495    
  0.285691708    
  0.288474202    
  0.289238989    
  0.289669603    
  0.289712608    
  0.289765507    
  0.291403592    
  0.292339802    
  0.293285787    
  0.293606788    
  0.294026107    
  0.295593590    
  0.296022207    
  0.296829402    
  0.297102302    
  0.298765302    
  0.299642712    
  0.299853891    
 Cluster           4 :
  0.300724089    
  0.300966710    
  0.302296489    
  0.303241700    
  0.303513914    
  0.303892612    
  0.304043293    
  0.304522187    
  0.304629385    
  0.306635797    
  0.307290614    
  0.308456689    
  0.309755802    
  0.310016215    
  0.310198486    
  0.312851012    
  0.314099491    
  0.314131409    
  0.314529687    
  0.317579687    
  0.317638099    
  0.318527400    
  0.319049299    
  0.319116414    
  0.319789588    
  0.321454912    
  0.321514398    
  0.322292387    
  0.322505802    
  0.323473394    
  0.325747788    
  0.327245891    
  0.328181803    
  0.329119086    
  0.329488486    
  0.329542607    
  0.329842895    
  0.329979509    
  0.331531495    
  0.334848195    
  0.335163295    
  0.337753803    
  0.337841302    
  0.339343995    
  0.341540098    
  0.343607187    
  0.343967199    
  0.343987495    
  0.344329208    
  0.346504211    
  0.349102795    
  0.349263310    
  0.350042999    
  0.350553095    
  0.350815505    
  0.351929098    
  0.356173009    
  0.356235802    
  0.356788188    
  0.357964486    
  0.360043198    
  0.360195607    
  0.360416710    
  0.361719996    
  0.362017602    
  0.363733798    
  0.365846008    
  0.367583692    
  0.372161895    
  0.372275501    
  0.373549610    
  0.374461502    
  0.376321912    
  0.377258986    
  0.377290905    
  0.377901286    
  0.378044486    
  0.379368514    
  0.379440010    
  0.380454898    
  0.383912802    
  0.384292096    
  0.385394394    
  0.386460304    
  0.387238711    
  0.387907386    
  0.389160812    
  0.389358908    
  0.389613211    
  0.389782488    
  0.392434597    
  0.393320292    
  0.393379599    
  0.393446088    
  0.394392788    
  0.394569188    
  0.395429790    
  0.396368295    
  0.398008406    
  0.399405986    
 Cluster           5 :
  0.400756598    
  0.401247501    
  0.403342485    
  0.403774709    
  0.404526711    
  0.405304104    
  0.405738711    
  0.405826598    
  0.405930489    
  0.406123787    
  0.406369507    
  0.409032404    
  0.409641504    
  0.411659211    
  0.411984593    
  0.412360400    
  0.414644599    
  0.416126996    
  0.418275893    
  0.420333385    
  0.425709695    
  0.425889909    
  0.426050812    
  0.427769601    
  0.427794486    
  0.429871500    
  0.430678189    
  0.431296408    
  0.432259500    
  0.432299614    
  0.434406608    
  0.434504002    
  0.434590995    
  0.436125904    
  0.436348587    
  0.438843489    
  0.439407587    
  0.439653009    
  0.439659715    
  0.439701915    
  0.440105200    
  0.440737009    
  0.441777408    
  0.448563606    
  0.449784487    
  0.450260788    
  0.451871514    
  0.453037500    
  0.454215407    
  0.455721110    
  0.455782503    
  0.456329495    
  0.456775606    
  0.458142191    
  0.458949715    
  0.461391807    
  0.462081701    
  0.464551985    
  0.465496987    
  0.465757698    
  0.465865314    
  0.466711015    
  0.467414796    
  0.468279988    
  0.469589591    
  0.470517486    
  0.471028000    
  0.471428007    
  0.472117603    
  0.472672701    
  0.473119587    
  0.474522501    
  0.475829810    
  0.476671696    
  0.477430701    
  0.477554709    
  0.478257388    
  0.478777498    
  0.478997886    
  0.479708612    
  0.480240405    
  0.480289191    
  0.480597794    
  0.481486589    
  0.484544903    
  0.485246211    
  0.485562205    
  0.491876900    
  0.492310613    
  0.492381990    
  0.492646486    
  0.494330496    
  0.496190608    
  0.498233497    
  0.500738323    
  0.500824392    
  0.504163325    
  0.504172504    
  0.504310012    
  0.509022474    
 Cluster           6 :
  0.509889185    
  0.510052919    
  0.511712611    
  0.511947393    
  0.514359176    
  0.514892876    
  0.514975786    
  0.515638411    
  0.516576529    
  0.516605318    
  0.517014980    
  0.518614829    
  0.520708382    
  0.521406889    
  0.524380922    
  0.527627826    
  0.532551229    
  0.534006715    
  0.534674823    
  0.534796774    
  0.535477817    
  0.536897898    
  0.537663281    
  0.538313627    
  0.540331483    
  0.540636122    
  0.540671587    
  0.543797910    
  0.544272780    
  0.544889808    
  0.546441078    
  0.546503484    
  0.548070073    
  0.548115313    
  0.548259676    
  0.548538685    
  0.549210012    
  0.549776793    
  0.549972773    
  0.550152481    
  0.550936401    
  0.552259207    
  0.552268982    
  0.554841995    
  0.558282375    
  0.559892714    
  0.559918880    
  0.560389876    
  0.562154114    
  0.563480198    
  0.566782773    
  0.568964005    
  0.570396185    
  0.571265221    
  0.571484208    
  0.571505189    
  0.572062075    
  0.572538018    
  0.572861910    
  0.573088825    
  0.573654592    
  0.574892879    
  0.576152921    
  0.576751113    
  0.577058017    
  0.578176677    
  0.579015911    
  0.579141498    
  0.582179904    
  0.582229674    
  0.582518280    
  0.584056675    
  0.584315479    
  0.584553480    
  0.585336804    
  0.586491585    
  0.587689877    
  0.587705910    
  0.588493288    
  0.589566529    
  0.589932799    
  0.590461195    
  0.590951979    
  0.591918826    
  0.592407286    
  0.593045473    
  0.593205214    
  0.594269514    
  0.596256971    
  0.597469509    
  0.599549294    
  0.599848986    
  0.601352572    
  0.601449311    
  0.604569376    
  0.605706990    
  0.607795119    
  0.608019471    
  0.608088672    
  0.608692229    
 Cluster           7 :
  0.609484613    
  0.610549212    
  0.610890687    
  0.611622512    
  0.613790989    
  0.613806427    
  0.614045382    
  0.615463495    
  0.615479410    
  0.616621971    
  0.616697013    
  0.617353916    
  0.617554128    
  0.618305087    
  0.618773818    
  0.619046271    
  0.620489717    
  0.620573103    
  0.621016622    
  0.622250915    
  0.622277081    
  0.624378383    
  0.625216901    
  0.626034498    
  0.626122415    
  0.628273189    
  0.628594875    
  0.629655123    
  0.632287502    
  0.632556319    
  0.632732272    
  0.633661211    
  0.634026825    
  0.634632289    
  0.636119723    
  0.637482584    
  0.638011694    
  0.639172077    
  0.639567494    
  0.640429199    
  0.641023517    
  0.641891181    
  0.644200981    
  0.644798994    
  0.648083389    
  0.648535728    
  0.648789823    
  0.650933087    
  0.651172578    
  0.651239812    
  0.651704013    
  0.652998686    
  0.654279709    
  0.655231893    
  0.656868279    
  0.657129824    
  0.657861412    
  0.659117103    
  0.660440981    
  0.663367927    
  0.663934171    
  0.664685726    
  0.665251911    
  0.665314376    
  0.666529298    
  0.666880012    
  0.669344127    
  0.670127511    
  0.670151412    
  0.670838118    
  0.671783924    
  0.672652602    
  0.674112678    
  0.674719691    
  0.675397813    
  0.675750911    
  0.675776482    
  0.676036477    
  0.680354416    
  0.680599272    
  0.683255613    
  0.683744729    
  0.685638011    
  0.686497629    
  0.688348114    
  0.688822806    
  0.689141393    
  0.690323472    
  0.690568984    
  0.690957189    
  0.692596376    
  0.693468213    
  0.693603516    
  0.697915614    
  0.698001802    
  0.698389113    
  0.698521614    
  0.698761404    
  0.700861216    
  0.702240825    
 Cluster           8 :
  0.704316914    
  0.704974115    
  0.706552684    
  0.707277179    
  0.707456887    
  0.707950890    
  0.710779488    
  0.712823212    
  0.713023186    
  0.714681387    
  0.715651512    
  0.716500223    
  0.716671586    
  0.717165709    
  0.717646480    
  0.717889071    
  0.719688118    
  0.720172584    
  0.720822573    
  0.723031819    
  0.724216580    
  0.725823998    
  0.726211727    
  0.727118671    
  0.727549613    
  0.727976322    
  0.728677809    
  0.730258882    
  0.731675088    
  0.732253015    
  0.733196795    
  0.734649718    
  0.734735310    
  0.735086620    
  0.735089123    
  0.735139191    
  0.735616386    
  0.736161172    
  0.736320674    
  0.736493289    
  0.736595809    
  0.737318575    
  0.737947822    
  0.738761485    
  0.738897383    
  0.738946199    
  0.739311695    
  0.740473688    
  0.742302775    
  0.742706299    
  0.743512511    
  0.744505525    
  0.745651126    
  0.746314526    
  0.747458100    
  0.751494527    
  0.752667308    
  0.752816021    
  0.753095925    
  0.753998280    
  0.754556298    
  0.755101383    
  0.759207785    
  0.760413110    
  0.761291385    
  0.762639284    
  0.764449775    
  0.764603972    
  0.765448809    
  0.765855074    
  0.766961098    
  0.767521799    
  0.768134296    
  0.768427014    
  0.768706679    
  0.769640923    
  0.770068884    
  0.771371007    
  0.772846520    
  0.777132988    
  0.777432382    
  0.777725577    
  0.780036926    
  0.780271590    
  0.780366778    
  0.780409515    
  0.780992687    
  0.781152785    
  0.782787621    
  0.783459008    
  0.783633888    
  0.784188211    
  0.784945607    
  0.788806975    
  0.788808823    
  0.789784610    
  0.790234923    
  0.790283382    
  0.792519927    
  0.792628109    
 Cluster           9 :
  0.792876184    
  0.793478072    
  0.793802083    
  0.794381082    
  0.798939228    
  0.799086690    
  0.799755812    
  0.801833510    
  0.801919103    
  0.803223193    
  0.803309381    
  0.805097401    
  0.806846380    
  0.807746530    
  0.807784200    
  0.809566677    
  0.811628520    
  0.815207124    
  0.815828919    
  0.816544175    
  0.819046617    
  0.821034312    
  0.822379112    
  0.822677672    
  0.823579788    
  0.824916899    
  0.826041281    
  0.826106012    
  0.827774584    
  0.828218222    
  0.828437984    
  0.829333007    
  0.830576003    
  0.830802381    
  0.831567824    
  0.831739306    
  0.832702577    
  0.835208118    
  0.838232517    
  0.839067280    
  0.841607571    
  0.843493819    
  0.843502283    
  0.844427407    
  0.844927371    
  0.847123623    
  0.847158670    
  0.847351015    
  0.847535610    
  0.847564578    
  0.848383009    
  0.850411594    
  0.850982308    
  0.852670729    
  0.854079485    
  0.855688572    
  0.856187820    
  0.857095718    
  0.857987285    
  0.859804690    
  0.860482693    
  0.861979723    
  0.863561213    
  0.863900900    
  0.864519715    
  0.864972293    
  0.865010381    
  0.866254330    
  0.866885722    
  0.866969287    
  0.867674112    
  0.869921207    
  0.870162904    
  0.870639086    
  0.873216093    
  0.873565197    
  0.876633883    
  0.877270222    
  0.879295588    
  0.879431725    
  0.879649818    
  0.879993379    
  0.882468522    
  0.883553624    
  0.888836384    
  0.889294088    
  0.890715480    
  0.891611278    
  0.891825795    
  0.892015219    
  0.893681586    
  0.895018876    
  0.896651626    
  0.898070872    
  0.899070084    
  0.899497688    
  0.899801195    
  0.901534319    
  0.903466225    
  0.903642774    
 Cluster          10 :
  0.903857708    
  0.905862629    
  0.906814277    
  0.906844616    
  0.907309294    
  0.907375574    
  0.908005416    
  0.908512414    
  0.908889174    
  0.911165118    
  0.911443889    
  0.912531018    
  0.913779795    
  0.914140582    
  0.915988207    
  0.917446375    
  0.918469787    
  0.918918073    
  0.919975877    
  0.920322776    
  0.920424104    
  0.921893477    
  0.923534513    
  0.925161719    
  0.925998688    
  0.929239571    
  0.932373703    
  0.933384120    
  0.934887409    
  0.935104012    
  0.936243594    
  0.936527729    
  0.937701106    
  0.938173771    
  0.938380599    
  0.938507378    
  0.939788282    
  0.940137386    
  0.940200508    
  0.940818310    
  0.941105008    
  0.941853404    
  0.945738375    
  0.946806192    
  0.948862493    
  0.949028373    
  0.949090183    
  0.949543297    
  0.951297402    
  0.951850712    
  0.952433407    
  0.953616679    
  0.954928696    
  0.957415283    
  0.958440483    
  0.958546281    
  0.958698988    
  0.959520578    
  0.960804820    
  0.961533129    
  0.962597013    
  0.962619781    
  0.962995827    
  0.963190079    
  0.963232219    
  0.963430703    
  0.963474810    
  0.964056492    
  0.964455307    
  0.965610087    
  0.966128826    
  0.966505289    
  0.966611385    
  0.967955709    
  0.969592214    
  0.970931411    
  0.972064197    
  0.972108722    
  0.975300312    
  0.977858424    
  0.978355885    
  0.979186416    
  0.979569316    
  0.980764210    
  0.981791615    
  0.982578874    
  0.982686877    
  0.983318210    
  0.983548403    
  0.983812511    
  0.986187875    
  0.987377226    
  0.990804315    
  0.991974771    
  0.992244780    
  0.992305517    
  0.993977726    
  0.994030714    
  0.995084524    
  0.997494519    
 Remainder cluster:
