    1     1  20.7500000,   6.1999998
    2     1  20.3999996,   5.5999999
    3     1  20.2500000,   5.4499998
    4     1  20.1499996,   5.4499998
    5     1  19.4500008,   6.0000000
    6     1  20.2999992,   6.1999998
    7     1  20.7000008,   6.0000000
    8     1  20.4500008,   5.5500002
    9     1  19.4500008,   5.7500000
   10     1  20.1499996,   5.1999998
   11     1  19.1000004,   5.5999999
   12     1  18.7999992,   4.8499999
   13     1  19.3999996,   4.9000001
   14     1  18.7999992,   4.4499998
   15     1  18.7000008,   4.2500000
   16     1  18.0000000,   4.5000000
   17     1  17.8500004,   4.3000002
   18     1  17.6499996,   3.8499999
   19     1  17.7000008,   3.9000001
   20     1  17.0499992,   3.5999999
   21     1  16.5499992,   3.7500000
   22     1  16.7000008,   4.0999999
   23     1  16.8500004,   3.5500000
   24     1  15.8999996,   3.3499999
   25     1  15.6999998,   3.3499999
   26     1  15.5500002,   3.4500000
   27     1  15.8500004,   4.3499999
   28     1  15.0000000,   4.0999999
   29     1  15.1999998,   3.4500000
   30     1  14.6999998,   3.1500001
   31     1  14.6999998,   3.9000001
   32     1  14.2500000,   3.8000000
   33     1  14.8500004,   2.9000001
   34     1  15.6499996,   1.5500000
   35     1  13.8000002,   3.6500001
   36     1  13.1999998,   3.9000001
   37     1  13.3000002,   3.0500000
   38     1  12.8500004,   3.6500001
   39     1  12.6499996,   2.8499999
   40     1  12.3000002,   3.8499999
   41     1  12.3000002,   3.9000001
   42     1  12.3000002,   3.4000001
   43     1  11.6499996,   2.9500000
   44     1  11.6499996,   3.7500000
   45     1  11.6000004,   3.4000001
   46     1  11.0500002,   3.2500000
   47     1  10.5000000,   3.5500000
   48     1  10.8000002,   4.0999999
   49     1  10.8999996,   4.2500000
   50     1  10.9499998,   4.6999998
   51     1  10.4499998,   4.1999998
   52     1  10.3000002,   3.6500001
   53     1   9.5500002,   3.9500000
   54     1   8.8999996,   4.1999998
   55     1   9.1999998,   4.5500002
   56     1   9.0500002,   4.3000002
   57     1   9.0500002,   4.6500001
   58     1   9.6000004,   4.6999998
   59     1   9.3500004,   4.6999998
   60     1   9.5500002,   5.1999998
   61     1   9.6499996,   5.6500001
   62     1   8.8000002,   4.3499999
   63     1   8.5500002,   4.8000002
   64     1   8.3500004,   5.3499999
   65     1   8.8999996,   5.4000001
   66     1   9.1000004,   5.6999998
   67     1   8.6999998,   5.6999998
   68     1   8.4499998,   6.0000000
   69     1   7.8000002,   5.9499998
   70     1   8.1999998,   6.3000002
   71     1   7.8000002,   6.1999998
   72     1   7.4499998,   6.5500002
   73     1   7.4499998,   6.9499998
   74     1   8.0500002,   6.6999998
   75     1   8.0000000,   7.1999998
   76     1   7.3499999,   7.0000000
   77     1   7.5500002,   7.5500002
   78     1   6.8000002,   8.1000004
   79     1   7.3499999,   8.3999996
   80     1   6.6999998,   8.6499996
   81     1   7.0999999,   9.0000000
   82     1   6.5999999,   9.6999998
   83     1   6.6500001,   9.8500004
   84     1   6.6999998,   9.8500004
   85     1   7.3499999,   9.6499996
   86     1   6.9499998,   9.7500000
   87     1   7.2500000,   9.5000000
   88     1   7.0999999,   9.9499998
   89     1   7.2500000,  10.0000000
   90     1   7.1999998,  10.3500004
   91     1   7.1999998,  10.2500000
   92     1   6.9000001,  10.5500002
   93     1   7.5999999,  10.7500000
   94     1   6.9499998,  11.2500000
   95     1   7.3000002,  11.1999998
   96     1   7.1500001,  11.7500000
   97     1   7.6500001,  11.8000002
   98     1   7.5000000,  12.4499998
   99     1   8.0000000,  12.5000000
  100     1   8.0500002,  13.1999998
  101     1   8.3500004,  13.1499996
  102     1   8.3000002,  12.8500004
  103     1   8.8000002,  12.5500002
  104     1   8.3500004,  13.3000002
  105     1   8.5000000,  13.5500002
  106     1   9.0000000,  13.2500000
  107     1   9.3000002,  13.9499998
  108     1   9.7500000,  13.8000002
  109     1   9.7500000,  13.1999998
  110     1   9.7500000,  11.8000002
  111     1  10.3500004,  13.6499996
  112     1  10.3999996,  13.6000004
  113     1  10.6499996,  14.3000002
  114     1  10.8500004,  14.0000000
  115     1  10.7500000,  14.3000002
  116     1  10.4499998,  14.6999998
  117     1  11.3000002,  14.0000000
  118     1  11.5500002,  13.7500000
  119     1  11.5500002,  13.6499996
  120     1  11.8999996,  14.3500004
  121     1  12.3000002,  14.6999998
  122     1  12.5000000,  14.0000000
  123     1  13.1000004,  14.0000000
  124     1  12.7500000,  14.6499996
  125     1  13.5000000,  14.6499996
  126     1  13.6999998,  14.1999998
  127     1  13.9499998,  14.0000000
  128     1  13.8500004,  14.6499996
  129     1  14.7500000,  13.5500002
  130     1  14.5000000,  14.3000002
  131     1  14.8999996,  15.0000000
  132     1  15.3999996,  14.3999996
  133     1  15.6000004,  14.6499996
  134     1  15.4499998,  13.3999996
  135     1  16.2500000,  14.1999998
  136     1  17.0499992,  14.6499996
  137     1  16.8500004,  13.8500004
  138     1  16.6000004,  13.3999996
  139     1  17.2000008,  15.0000000
  140     1  17.3999996,  15.0000000
  141     1  17.3999996,  13.8999996
  142     1  18.0000000,  13.6000004
  143     1  18.6499996,  14.0500002
  144     1  18.4500008,  13.3999996
  145     1  18.7999992,  13.8500004
  146     1  18.7500000,  13.6499996
  147     1  19.0499992,  13.6499996
  148     1  19.5000000,  12.8000002
  149     1  19.2999992,  13.4499998
  150     1  20.1499996,  12.6499996
  151     1  20.4500008,  13.1499996
  152     1  20.8500004,  13.3500004
  153     1  21.1499996,  12.6499996
  154     1  21.1000004,  12.6499996
  155     1  21.7999992,  12.5000000
  156     1  21.3500004,  11.6499996
  157     1  21.9500008,  13.1000004
  158     1  22.2999992,  12.0000000
  159     1  21.8999996,  11.5000000
  160     1  21.8999996,  11.5000000
  161     1  22.5000000,  11.1999998
  162     1  22.7999992,  11.4499998
  163     1  23.1000004,  11.0500002
  164     1  23.7999992,  11.1999998
  165     1  22.6499996,  10.0000000
  166     1  22.7999992,  10.1499996
  167     1  23.2999992,  10.3999996
  168     1  23.7000008,  10.7500000
  169     1  23.4500008,  10.1000004
  170     1  24.2500000,  10.1000004
  171     1  24.2999992,   9.9499998
  172     1  24.1499996,  10.0500002
  173     1  23.7000008,   9.4499998
  174     1  25.0000000,  10.1499996
  175     1  24.5499992,   9.6499996
  176     1  24.5000000,   9.0500002
  177     1  24.1499996,   8.6000004
  178     1  25.6000004,   9.7500000
  179     1  25.3500004,   9.8500004
  180     1  25.3999996,   9.1999998
  181     1  25.4500008,   8.5500002
  182     1  26.2500000,   9.3000002
  183     1  25.7999992,   8.5000000
  184     1  26.4500008,   8.5500002
  185     1  26.3999996,   7.7500000
  186     1  26.7500000,   8.0500002
  187     1  27.2000008,   8.3500004
  188     1  27.1000004,   7.8000002
  189     1  26.3500004,   7.1999998
  190     1  27.2999992,   7.9000001
  191     1  27.7999992,   7.4499998
  192     1  27.2500000,   6.5000000
  193     1  27.7500000,   7.1500001
  194     1  28.6499996,   6.9499998
  195     1  28.1499996,   6.5000000
  196     1  28.2000008,   5.5999999
  197     1  29.8500004,   6.0000000
  198     1  29.2999992,   6.0500002
  199     1  29.1000004,   4.9000001
  200     1  29.5499992,   5.2500000
  201     1  30.0499992,   5.6999998
  202     1  30.6499996,   4.9000001
  203     1  30.3500004,   3.9000001
  204     1  31.2999992,   4.3499999
  205     1  32.0000000,   4.5999999
  206     1  31.6499996,   4.5500002
  207     1  32.2999992,   4.3499999
  208     1  31.3500004,   4.1500001
  209     1  32.9500008,   3.5500000
  210     1  32.7500000,   4.1500001
  211     1  33.6500015,   4.3499999
  212     1  33.2999992,   4.6500001
  213     1  33.7000008,   3.5999999
  214     1  33.9000015,   4.1999998
  215     1  35.2999992,   4.6500001
  216     1  34.7000008,   4.4000001
  217     1  35.3499985,   4.5999999
  218     1  35.7000008,   5.0500002
  219     1  36.4500008,   4.8499999
  220     1  36.5999985,   5.5999999
  221     1  36.3499985,   5.9000001
  222     1  36.2500000,   6.5000000
  223     1  36.4000015,   6.3000002
  224     1  37.0499992,   5.7500000
  225     1  37.2000008,   6.4000001
  226     1  37.3499985,   7.1500001
  227     1  36.8499985,   7.3000002
  228     1  35.9500008,   6.9499998
  229     1  36.7999992,   7.0999999
  230     1  37.4000015,   7.1500001
  231     1  36.7000008,   7.3499999
  232     1  37.2500000,   8.0500002
  233     1  36.2000008,   7.8499999
  234     1  37.7500000,   7.8499999
  235     1  37.8499985,   8.5500002
  236     1  37.5999985,   8.7500000
  237     1  37.7500000,   8.6499996
  238     1  37.0000000,   8.3500004
  239     1  36.9000015,   8.9499998
  240     1  38.0999985,   9.4499998
  241     1  38.0499992,   9.6499996
  242     1  38.0999985,   9.1000004
  243     1  37.2000008,   9.2500000
  244     1  37.4500008,   9.6499996
  245     1  38.2500000,  10.2500000
  246     1  37.0000000,   9.8999996
  247     1  36.9000015,  10.3999996
  248     1  37.3499985,  10.6000004
  249     1  39.0499992,  10.4499998
  250     1  37.7999992,  10.8999996
  251     1  38.6500015,  10.6499996
  252     1  38.0499992,  11.0000000
  253     1  36.9000015,  10.8000002
  254     1  37.9500008,  10.7500000
  255     1  38.0999985,  10.8999996
  256     1  37.1500015,  11.4499998
  257     1  38.4000015,  11.6000004
  258     1  37.8499985,  11.8500004
  259     1  39.0000000,  11.6000004
  260     1  40.3499985,  11.1499996
  261     1  38.0499992,  12.5000000
  262     1  37.8499985,  12.5500002
  263     1  38.5999985,  12.3999996
  264     1  36.9000015,  12.8500004
  265     1  36.2999992,  12.9499998
  266     1  37.3499985,  13.1999998
  267     1  37.4000015,  13.1499996
  268     1  38.2500000,  13.6499996
  269     1  37.3499985,  13.8500004
  270     1  36.4500008,  13.7500000
  271     1  37.0999985,  14.5000000
  272     1  35.7999992,  14.6999998
  273     1  35.9000015,  14.4499998
  274     1  37.1500015,  15.1999998
  275     1  36.7000008,  15.3000002
  276     1  36.7500000,  15.3999996
  277     1  36.0499992,  15.2500000
  278     1  37.4000015,  15.8999996
  279     1  34.4000015,  15.6999998
  280     1  36.2500000,  16.1499996
  281     1  35.7000008,  16.3500004
  282     1  35.3499985,  15.8000002
  283     1  37.2000008,  16.6499996
  284     1  34.1500015,  17.1000004
  285     1  33.7999992,  16.1499996
  286     1  33.0000000,  14.9499998
  287     1  33.4000015,  16.0499992
  288     1  32.5000000,  16.4500008
  289     1  32.2999992,  16.7500000
  290     1  32.4000015,  15.5000000
  291     1  32.0499992,  15.8500004
  292     1  31.6499996,  15.6000004
  293     1  31.6000004,  14.7500000
  294     1  31.7500000,  15.5000000
  295     1  31.3999996,  16.1499996
  296     1  31.0499992,  15.6499996
  297     1  31.0000000,  15.5500002
  298     1  31.1000004,  15.3999996
  299     1  31.2000008,  16.7500000
  300     1  30.8999996,  15.0500002
  301     1  30.6499996,  15.1000004
  302     1  30.7000008,  14.7500000
  303     1  30.3500004,  14.3000002
  304     1  30.5000000,  14.3000002
  305     1  30.7000008,  14.5500002
  306     1  30.2000008,  15.3999996
  307     1  30.7500000,  13.5000000
  308     1  30.0499992,  13.8999996
  309     1  30.3500004,  13.4499998
  310     1  29.7000008,  14.5000000
  311     1  29.9500008,  13.8000002
  312     1  29.3500004,  14.3000002
  313     1  29.4500008,  13.8000002
  314     1  29.7999992,  13.3999996
  315     1  29.7999992,  13.3500004
  316     1  28.7500000,  13.6999998
  317     1  28.7000008,  13.6499996
  318     1  29.6000004,  13.1499996
  319     1  28.8999996,  13.3500004
  320     1  28.7500000,  13.6999998
  321     1  28.2999992,  13.8000002
  322     1  28.7500000,  13.1999998
  323     1  28.6000004,  12.8000002
  324     1  27.8500004,  12.4499998
    1    -1   3.4500000,   6.2500000
    2    -1   1.6500000,   2.5000000
    3    -1  12.9499998,   0.9000000
    4    -1   4.5000000,  16.6499996
    5    -1  14.0000000,   9.1000004
    6    -1  24.4500008,  16.7500000
    7    -1  22.2500000,  17.0499992
    8    -1  33.0000000,  11.4499998
    9    -1  32.7000008,   8.2500000
   10    -1  31.8500004,   8.0000000
   11    -1  23.1499996,   2.4000001
   12    -1  24.7000008,   1.4500000
   13    -1  36.0499992,   1.3000000
   14    -1  40.4000015,  17.8500004
   15    -1   3.4500000,  13.1499996
   16    -1   2.8499999,  12.8999996
   17    -1  14.6000004,  17.3999996
   18    -1  31.3500004,   1.6000000
