    1     1   2.5500000,  17.7999992
    2     1   2.7000000,  17.7000008
    3     1   3.5500000,  17.4500008
    4     1   3.8499999,  17.4500008
    5     1   2.9000001,  16.7500000
    6     1   2.0500000,  15.7500000
    7     1   2.7500000,  15.6000004
    8     1   4.1500001,  17.0000000
    9     1   3.1500001,  18.4500008
   10     1   2.7000000,  17.2500000
   11     1   4.6999998,  15.2500000
   12     1   5.6500001,  17.6000004
   13     1   5.0999999,  17.8999996
   14     1   4.3000002,  16.6499996
   15     1   3.9500000,  16.3500004
   16     1   3.5500000,  15.1000004
   17     1   4.5999999,  13.4499998
   18     1   5.0500002,  14.8999996
   19     1   5.0500002,  16.6000004
   20     1   5.4499998,  17.0499992
   21     1   5.7500000,  16.4500008
   22     1   5.7500000,  15.5500002
   23     1   3.5999999,   9.9499998
   24     1   5.6999998,  14.6499996
   25     1   5.0000000,  14.3999996
   26     1   4.5500002,  14.8500004
   27     1   3.9000001,  15.3500004
   28     1   3.7000000,  15.0500002
   29     1   3.7000000,  14.8000002
   30     1   2.0500000,   3.0999999
   31     1   1.7000000,   3.2500000
   32     1   4.6999998,   2.5999999
   33     1   6.0000000,   3.8499999
   34     1   5.9499998,   4.4499998
   35     1   4.5500002,   4.0999999
   36     1   4.7500000,   3.5500000
   37     1   5.7500000,   3.5000000
   38     1   6.9000001,   0.9500000
   39     1   3.1500001,   2.1500001
   40     1   1.6000000,   3.5999999
   41     1   4.6500001,   2.2500000
   42     1   4.4499998,   4.3000002
   43     1   4.3000002,   4.3000002
   44     1   2.9000001,   3.0000000
   45     1   4.0000000,   2.5000000
   46     1   5.1999998,   1.9500000
   47     1   8.6499996,   4.8499999
   48     1   7.9000001,   5.2500000
   49     1   6.5500002,   2.4000001
   50     1   6.2500000,   1.6000000
   51     1   6.5000000,   4.8000002
   52     1   7.9499998,   3.9000001
   53     1   8.7500000,   2.7000000
   54     1  10.6999998,   4.2500000
   55     1   9.3000002,   1.7000000
   56     1   6.6500001,   1.5000000
   57     1   7.5000000,   2.9500000
   58     1   9.6000004,   2.4000001
   59     1  10.1499996,   2.5500000
   60     1   9.4499998,   3.9500000
   61     1   8.6999998,   2.9000001
   62     1   9.2500000,   1.6000000
   63     1   7.8000002,   1.3500000
   64     1   6.3000002,   2.2500000
   65     1   9.1999998,   2.9000001
   66     1   7.5500002,   2.4000001
   67     1   4.3499999,   1.3000000
   68     1   1.9000000,   2.2000000
   69     1   7.0999999,   2.5999999
   70     1   5.5999999,   2.0000000
   71     1   4.1999998,   0.5500000
   72     1   1.0500000,   1.0000000
   73     1   0.5000000,   1.4000000
   74     1   1.7000000,   1.7000000
   75     1   3.2000000,   1.4500000
   76     1   4.8499999,   1.3000000
   77     1   4.6999998,   1.2000000
   78     1   2.7000000,   0.8500000
   79     1   2.3000000,   0.8500000
   80     1   2.5000000,   4.0000000
   81     1   3.0500000,   4.0999999
   82     1  36.2500000,   8.3000002
   83     1  36.2999992,   8.1999998
   84     1  35.2000008,   6.9499998
   85     1  33.7500000,   6.1999998
   86     1  29.5499992,   5.5999999
   87     1  26.8500004,   5.3499999
   88     1  24.6000004,   6.0000000
   89     1  21.9500008,   7.5000000
   90     1  20.0000000,   8.6499996
   91     1  17.9500008,  11.3999996
   92     1  18.1499996,  13.3500004
   93     1  21.0499992,  15.4499998
   94     1  25.7000008,  16.7999992
   95     1  28.1000004,  17.1000004
   96     1  30.7999992,  17.0000000
   97     1  30.7500000,  17.0000000
   98     1  30.0499992,  17.2500000
   99     1  29.0000000,  17.4500008
  100     1  27.7500000,  17.4500008
  101     1  26.6499996,  17.2000008
  102     1  24.4500008,  17.0000000
  103     1  22.3999996,  16.7500000
  104     1  21.7500000,  16.3999996
  105     1  20.3500004,  15.6000004
  106     1  21.1499996,  15.7500000
  107     1  22.4500008,  16.1000004
  108     1  23.2000008,  16.2999992
  109     1  24.0000000,  16.7500000
  110     1  24.6499996,  16.9500008
  111     1  24.1499996,  17.0499992
  112     1  22.5000000,  16.8500004
  113     1  21.7000008,  16.4500008
  114     1  20.7999992,  15.8500004
  115     1  19.4500008,  14.9499998
  116     1  19.1000004,  14.6499996
  117     1  18.5499992,  13.6000004
  118     1  18.3500004,  13.0500002
  119     1  18.2500000,  12.1999998
  120     1  18.2500000,  10.6000004
  121     1  18.6499996,  10.1499996
  122     1  19.6499996,   9.0500002
  123     1  19.8500004,   8.8999996
  124     1  21.7500000,   7.5999999
  125     1  21.8500004,   7.5000000
  126     1  22.2000008,   7.4000001
  127     1  25.3500004,   6.0000000
  128     1  25.3500004,   6.0000000
  129     1  27.4500008,   5.6500001
  130     1  30.5000000,   5.1999998
  131     1  31.3999996,   5.4499998
  132     1  31.8500004,   5.8499999
  133     1  32.4000015,   6.0500002
  134     1  33.0000000,   6.1999998
  135     1  34.0000000,   6.5500002
  136     1  34.5000000,   7.1999998
  137     1  35.3499985,   7.7500000
  138     1  35.7999992,   7.9000001
  139     1  35.7999992,   7.9000001
  140     1  35.0499992,   7.0000000
  141     1  28.0499992,   5.0500002
  142     1  27.4500008,   5.0500002
  143     1  29.0000000,   5.8000002
  144     1  28.9500008,   5.8000002
  145     1  27.1000004,   5.1999998
  146     1  24.2999992,   6.5999999
  147     1  23.4500008,   6.9499998
  148     1  23.5000000,   6.9000001
  149     1  21.0000000,   8.2500000
  150     1  20.9500008,   8.2500000
  151     1  19.8500004,   9.9499998
  152     1  19.1499996,  10.8999996
  153     1  18.7999992,  10.3999996
  154     1  20.0499992,   9.0000000
  155     1  21.0499992,   8.0000000
  156     1  19.7000008,   7.8499999
  157     1  19.1499996,   8.3999996
  158     1  18.3500004,   9.1999998
  159     1  17.7000008,   9.8000002
  160     1  17.5000000,  10.3000002
  161     1  18.9500008,   9.6499996
  162     1  18.9500008,   8.6499996
  163     1  21.8500004,   6.4499998
  164     1  23.2500000,   6.2500000
  165     1  25.1000004,   6.0999999
  166     1  27.0000000,   5.6500001
  167     1  27.6499996,   5.5500002
  168     1  28.1499996,   5.5500002
  169     1  27.7500000,   5.4499998
  170     1  26.1000004,   5.3499999
  171     1  25.5499992,   5.5999999
  172     1  23.2500000,   5.9499998
  173     1  22.7000008,   6.3499999
  174     1  21.7500000,   6.8000002
  175     1  21.3999996,   7.2500000
  176     1  20.8500004,   7.4499998
  177     1  27.2500000,   5.4000001
  178     1  30.3999996,   5.4499998
  179     1  30.1000004,   5.2500000
  180     1  29.0499992,   5.0500002
  181     1  30.2000008,  17.6499996
  182     1  29.5499992,  16.9500008
  183     1  28.7500000,  17.1000004
  184     1  26.7500000,  17.7500000
  185     1  24.8999996,  17.5000000
  186     1  25.3999996,  16.8999996
  187     1  25.9500008,  17.1499996
  188     1  25.2000008,  17.4500008
  189     1  22.4500008,  17.1000004
  190     1  21.4500008,  16.2999992
  191     1  23.3500004,  17.0000000
  192     1  23.6499996,  17.1499996
  193     1  23.2999992,  14.3000002
  194     1  20.3999996,  14.6499996
  195     1  18.0499992,  14.7500000
  196     1  20.3500004,  14.6499996
  197     1  18.6000004,  14.0000000
  198     1  19.1499996,  14.4499998
  199     1  19.5499992,  14.6000004
  200     1  18.7500000,  14.1499996
  201     1  15.3000002,  12.8500004
  202     1  10.1999998,  13.7500000
  203     1  10.8000002,  12.8000002
  204     1  14.3999996,   8.1999998
  205     1  41.3499985,   4.2500000
  206     1  41.2000008,   4.6999998
  207     1  39.7999992,  16.0000000
  208     1  26.2000008,  12.5000000
  209     1  26.9500008,  13.0000000
  210     1  28.1000004,  12.8500004
  211     1  29.3999996,  12.3000002
  212     1  29.5000000,  11.8000002
  213     1  28.3999996,  10.5500002
  214     1  27.1000004,  10.6000004
  215     1  26.8999996,  10.6000004
  216     1  27.7999992,  10.6000004
  217     1  28.6499996,  10.6000004
  218     1  29.4500008,  11.6499996
  219     1  29.5499992,  12.8500004
  220     1  28.7500000,  13.3500004
  221     1  27.9500008,  13.2500000
  222     1  27.2000008,  12.9499998
  223     1  26.5499992,  12.6999998
  224     1  26.4500008,  12.3000002
  225     1  26.3500004,  13.5500002
  226     1  27.5499992,  13.8500004
  227     1  28.6499996,  13.6000004
  228     1  29.1499996,  13.1999998
  229     1  28.5000000,  13.0000000
  230     1  27.8500004,  12.5500002
  231     1  27.3999996,  12.3500004
  232     1  27.0000000,  12.1999998
  233     1  27.1000004,  10.3000002
  234     1  27.8999996,  11.3000002
  235     1  28.7500000,  12.3500004
  236     1  28.9500008,  11.7500000
  237     1  29.2000008,  11.3000002
  238     1  29.0000000,  11.1000004
  239     1  27.0499992,  11.2500000
  240     1  26.2999992,  12.3500004
  241     1  27.7999992,  11.8000002
  242     1  27.7500000,  11.6499996
  243     1  27.0000000,  10.5000000
  244     1  26.3500004,  12.1999998
  245     1  26.7999992,  11.9499998
  246     1  27.7999992,  11.3500004
  247     1  27.9500008,  11.4499998
  248     1  28.0000000,  12.4499998
  249     1  28.3500004,  12.6499996
  250     1  28.0499992,  11.4499998
  251     1  27.9500008,  11.3500004
  252     1  28.6000004,  11.6499996
  253     1  28.6499996,  12.6000004
  254     1  28.0499992,  11.3500004
  255     1  15.5500002,   4.0500002
  256     1  20.6000004,   0.5500000
  257     1  30.2500000,   0.7500000
  258     1  18.0000000,   3.4000001
