 -0.5440559    
 -0.5717765    
 -0.2721424    
 -0.3385879    
 -0.3188936    
 -0.4400913    
 -0.5064673    
 -0.5044622    
 -0.5891460    
 -0.3657557    
 -0.6156082    
 -0.7076706    
 -0.5607120    
 -0.4516973    
 -0.5162379    
 -0.4952020    
 -0.6584500    
 -0.5156640    
 -0.6737497    
 -0.5839275    
 -0.5748929    
 -0.3851315    
 -0.3048512    
 -0.5295906    
 -0.4050751    
 -0.3290646    
 -0.5730439    
 -0.4795055    
 -0.4629572    
 -0.5628150    
 -0.3435007    
 -0.5702505    
 -0.5813833    
 -0.2596977    
 -0.4742575    
 -0.4259911    
 -0.6202362    
 -0.5408244    
 -0.5673431    
 -0.5186645    
 -0.5322436    
 -0.5661426    
 -0.6197144    
 -0.6998038    
 -0.4913504    
 -0.3762991    
 -0.5686702    
 -0.3503357    
 -0.2475783    
 -0.6233478    
 -0.5739173    
 -0.6538197    
 -0.4714432    
 -0.4932305    
 -0.3285561    
 -0.4988698    
 -0.6078858    
 -0.5919514    
 -0.5322547    
 -0.4317991    
 -0.4887709    
 -0.4335015    
 -0.6976392    
 -0.5267963    
 -0.3616539    
 -0.6217461    
 -0.6960437    
 -0.5090489    
 -0.6746060    
 -0.2993765    
 -0.5967957    
 -0.5709763    
 -0.5431329    
 -0.6251643    
 -0.5535715    
 -0.6231475    
 -0.4738579    
 -0.4737857    
 -0.8395969    
 -0.3675805    
 -0.4281427    
 -0.4745544    
 -0.3558956    
 -0.3306985    
 -0.3848616    
 -0.4542801    
 -0.5241282    
 -0.2695742    
 -0.5490190    
 -0.5212740    
 -0.4450533    
 -0.7324618    
 -0.4187130    
 -0.5651031    
 -0.5231186    
 -0.6357859    
 -0.5076597    
 -0.5197266    
 -0.6286657    
 -0.2588353    
 -0.5661494    
 -0.3687439    
 -0.4885330    
 -0.4456671    
 -0.5835553    
 -0.6651639    
 -0.4818363    
 -0.3871706    
 -0.5189494    
 -0.5991071    
 -0.2302864    
 -0.2648190    
 -0.6854099    
 -0.4303537    
 -0.5651544    
 -0.3884515    
 -0.5200970    
 -0.6428684    
 -0.6021036    
 -0.4673720    
 -0.6433338    
 -0.5477191    
 -0.6721118    
 -0.4284206    
 -0.5345012    
 -0.3195521    
 -0.4416255    
 -0.3750915    
 -0.4264753    
 -0.5038476    
 -0.4790525    
 -0.5168542    
 -0.4756110    
 -0.4908982    
 -0.4709783    
 -0.3858665    
 -0.5297532    
 -0.5993533    
 -0.4378651    
 -0.4339455    
 -0.5494713    
 -0.3689740    
 -0.3299911    
 -0.3495777    
 -0.4427928    
 -0.4046546    
 -0.5286700    
 -0.4050081    
 -0.5835963    
 -0.4761097    
 -0.5570985    
 -0.4756686    
 -0.7081001    
 -0.5304399    
 -0.4439307    
 -0.3965562    
 -0.6523553    
 -0.5781883    
 -0.6781144    
 -0.4575878    
 -0.5873685    
 -0.4107426    
 -0.4160666    
 -0.5395178    
 -0.3264346    
 -0.4898531    
 -0.5018370    
 -0.4670843    
 -0.4876413    
 -0.6213950    
 -0.5512115    
 -0.4079196    
 -0.6909890    
 -0.4759130    
 -0.4518288    
 -0.6610558    
 -0.7752474    
 -0.6473740    
 -0.5390569    
 -0.3925454    
 -0.5900445    
 -0.4197132    
 -0.4644203    
 -0.5681373    
 -0.3413480    
 -0.4302028    
 -0.5721632    
 -0.6041824    
 -0.5515673    
 -0.4945368    
 -0.5860783    
 -0.6100955    
 -0.6432061    
 -0.3460904    
 -0.3008026    
 -0.5797350    
 -0.4179925    
 -0.7442480    
 -0.5772346    
 -0.5979818    
 -0.4735565    
 -0.5713584    
 -0.3659686    
 -0.2997386    
 -0.6847919    
 -0.3517120    
 -0.4551327    
 -0.4712080    
 -0.5203196    
 -0.3857508    
 -0.6650059    
 -0.4996001    
 -0.2891616    
 -0.4382499    
 -0.6112616    
 -0.5654346    
 -0.5015168    
 -0.3177654    
 -0.5444727    
 -0.4248151    
 -0.6225821    
 -0.7031198    
 -0.3857988    
 -0.3961768    
 -0.6327336    
 -0.5387539    
 -0.4419453    
 -0.4648542    
 -0.3099187    
 -0.4872587    
 -0.6624221    
 -0.5558559    
 -0.4956314    
 -0.4552333    
 -0.6180947    
 -0.5208716    
 -0.5229176    
 -0.5580480    
 -0.4829066    
 -0.4227116    
 -0.6196713    
 -0.5579982    
 -0.5618712    
 -0.4813296    
 -0.4784726    
 -0.4502649    
 -0.4515331    
 -0.2862386    
 -0.3694512    
 -0.2281682    
 -0.4837016    
 -0.3810990    
 -0.4040400    
 -0.6575801    
 -0.5398220    
 -0.5563600    
 -0.6256076    
 -0.7057514    
 -0.2992792    
 -0.5777931    
 -0.4317992    
 -0.4250530    
 -0.4259740    
 -0.4521289    
 -0.7316032    
 -0.6222864    
 -0.4057334    
 -0.5887383    
 -0.4409904    
 -0.6777334    
 -0.4657052    
 -0.4898894    
 -0.2955517    
 -0.4934781    
 -0.5054350    
 -0.5640851    
 -0.4794577    
 -0.4168977    
 -0.4622948    
 -0.5147043    
 -0.6782385    
 -0.3738720    
 -0.5781574    
 -0.4230964    
 -0.6887147    
 -0.5176929    
 -0.5633353    
 -0.3824032    
 -0.5140649    
 -0.6598747    
 -0.5297146    
 -0.4102606    
 -0.2940152    
 -0.3355611    
 -0.3394775    
 -0.3271485    
 -0.4311832    
 -0.4647116    
 -0.6196842    
 -0.3125191    
 -0.5920812    
 -0.5449605    
 -0.4563015    
 -0.7465295    
 -0.5900898    
 -0.5599222    
 -0.5389756    
 -0.5288532    
 -0.4529257    
 -0.6040384    
 -0.5344427    
 -0.5065683    
 -0.4636933    
 -0.4751035    
 -0.4192295    
 -0.5114871    
 -0.5278418    
 -0.7102294    
 -0.3810003    
 -0.2879670    
 -0.6901566    
 -0.4707271    
 -0.4014698    
 -0.5379741    
 -0.4591522    
 -0.4544833    
 -0.3404030    
 -0.6348754    
 -0.6135035    
 -0.5048448    
 -0.2398651    
 -0.6827518    
 -0.6053960    
 -0.4043781    
 -0.4215851    
 -0.4741096    
 -0.4409545    
 -0.4677822    
 -0.6575422    
 -0.5289538    
 -0.4018652    
 -0.7616282    
 -0.4582459    
 -0.4364316    
 -0.4069148    
 -0.6116065    
 -0.5404499    
 -0.4475505    
 -0.3594559    
 -0.4502773    
 -0.5991138    
 -0.4675330    
 -0.2531416    
 -0.4054556    
 -0.4904378    
 -0.2832481    
 -0.4837685    
 -0.5195282    
 -0.4681225    
 -0.4983575    
 -0.5251818    
 -0.4771895    
 -0.5472585    
 -0.5715834    
 -0.6384583    
 -0.6488652    
 -0.5987974    
 -0.4328291    
 -0.4266269    
 -0.5812218    
 -0.5571232    
 -0.4130318    
 -0.3635614    
 -0.3989801    
 -0.5650437    
 -0.4367309    
 -0.4712010    
 -0.5899072    
 -0.4111721    
 -0.4680614    
 -0.3835521    
 -0.3002124    
 -0.5517284    
 -0.4506178    
 -0.3991575    
 -0.4814759    
 -0.5140412    
 -0.3329552    
 -0.5922143    
 -0.5666295    
 -0.4916514    
 -0.4724517    
 -0.4233753    
 -0.5140930    
 -0.3772311    
 -0.3920539    
 -0.7087225    
 -0.4285191    
 -0.4968201    
 -0.6324723    
 -0.5339535    
 -0.4307468    
 -0.6409987    
 -0.5103000    
 -0.3418239    
 -0.4822719    
 -0.3812460    
 -0.5708603    
 -0.3593519    
 -0.4646197    
 -0.6055484    
 -0.5448613    
 -0.5203944    
 -0.4626027    
 -0.3597329    
 -0.4180445    
 -0.3639480    
 -0.8165274    
 -0.6558570    
 -0.6368531    
 -0.3139413    
 -0.5015117    
 -0.5080440    
 -0.5519792    
 -0.5404034    
 -0.4870636    
 -0.4452437    
 -0.4231976    
 -0.3939237    
 -0.5545533    
 -0.5308887    
 -0.6026002    
 -0.4377523    
 -0.5309256    
 -0.4472792    
 -0.6575296    
 -0.4244585    
 -0.5127282    
 -0.4965957    
 -0.5434271    
 -0.5929847    
 -0.3672484    
 -0.4064181    
 -0.4728599    
 -0.4574987    
 -0.4224162    
 -0.3638571    
 -0.4989346    
 -0.6163853    
 -0.4555237    
 -0.4891253    
 -0.5082706    
 -0.6505145    
 -0.4828034    
 -0.4157904    
 -0.7751585    
 -0.5175894    
 -0.3799167    
 -0.6870741    
 -0.5613133    
 -0.6408557    
 -0.4224937    
 -0.4345888    
 -0.5306532    
 -0.4192629    
 -0.5741934    
 -0.4813047    
 -0.6554246    
 -0.5077083    
 -0.5298064    
 -0.6923890    
 -0.5606002    
 -0.6001623    
 -0.4990639    
 -0.4619312    
 -0.5315709    
 -0.4742709    
 -0.6242070    
 -0.3722022    
 -0.7065679    
 -0.5181934    
 -0.4265379    
 -0.4121298    
 -0.3778905    
 -0.6345819    
 -0.5426134    
 -0.5326376    
 -0.6293920    
 -0.4587713    
 -0.4718888    
 -0.5533171    
 -0.6252366    
 -0.3866339    
 -0.4876201    
 -0.4201120    
 -0.4449130    
 -0.6255460    
 -0.4678255    
 -0.5773520    
 -0.6549842    
   100.6068    
   100.3534    
   100.4140    
   100.6207    
   100.6248    
   100.4970    
   100.5508    
   100.4868    
   100.3353    
   100.6263    
   100.7809    
   100.4235    
   100.4858    
   100.7284    
   100.5757    
   100.4409    
   100.5725    
   100.4313    
   100.5988    
   100.4229    
   100.3369    
   100.5900    
   100.5353    
   100.6435    
   100.4915    
   100.2735    
   100.5672    
   100.6120    
   100.6278    
   100.3000    
   100.4554    
   100.5591    
   100.6184    
   100.5676    
   100.3980    
   100.4685    
   100.7354    
   100.4852    
   100.4316    
   100.4246    
   100.5962    
   100.4068    
   100.6469    
   100.5955    
   100.4035    
   100.5290    
   100.4114    
   100.7141    
   100.6573    
   100.5097    
   100.6145    
   100.5390    
   100.5868    
   100.5147    
   100.7130    
   100.7408    
   100.3838    
   100.6103    
   100.5877    
   100.7429    
   100.4627    
   100.6706    
   100.3600    
   100.7780    
   100.8020    
   100.4722    
   100.6314    
   100.4431    
   100.3487    
   100.5000    
   100.4182    
   100.5756    
   100.7003    
   100.4469    
   100.3660    
   100.5252    
   100.4489    
   100.4196    
   100.4660    
   100.6520    
   100.6354    
   100.6085    
   100.3867    
   100.4193    
   100.5923    
   100.4853    
   100.3197    
   100.6417    
   100.7126    
   100.5869    
   100.4601    
   100.4720    
   100.6640    
   100.5790    
   100.4989    
   100.5194    
   100.3872    
   100.3365    
   100.5006    
   100.5831    
   100.5310    
   100.4808    
   100.3974    
   100.3472    
   100.6459    
   100.4557    
   100.5146    
   100.6211    
   100.5682    
   100.2866    
   100.3420    
   100.2348    
   100.4573    
   100.6665    
   100.4129    
   100.5115    
   100.4529    
   100.5290    
   100.5005    
   100.7548    
   100.7916    
   100.5413    
   100.3651    
   100.4834    
   100.5942    
   100.7018    
   100.5191    
   100.4216    
   100.6523    
   100.6131    
   100.6642    
   100.3255    
   100.4694    
   100.6945    
   100.7187    
   100.6683    
   100.4773    
   100.3173    
   100.3913    
   100.2538    
   100.6876    
   100.5275    
   100.5175    
   100.5197    
   100.6364    
   100.5498    
   100.3192    
   100.5415    
   100.5741    
   100.3925    
   100.6222    
   100.5584    
   100.5279    
   100.3762    
   100.3872    
   100.5361    
   100.4866    
   100.4945    
   100.5309    
   100.6197    
   100.5237    
   100.5784    
   100.5520    
   100.5302    
   100.5114    
   100.5241    
   100.4479    
   100.4430    
   100.6925    
   100.6325    
   100.6226    
   100.7125    
   100.6079    
   100.4250    
   100.6411    
   100.4751    
   100.3490    
   100.3209    
   100.4855    
   100.6011    
   100.4775    
   100.6326    
   100.4813    
   100.4542    
   100.4250    
   100.4108    
   100.5757    
   100.5997    
   100.4985    
   100.4965    
   100.6106    
   100.5458    
   100.6051    
   100.5769    
   100.5379    
   100.6441    
   100.4795    
   100.6697    
   100.3837    
   100.4959    
   100.6908    
   100.4683    
   100.3084    
   100.5116    
   100.6103    
   100.6652    
   100.5934    
   100.5334    
   100.5759    
   100.3942    
   100.6535    
   100.5649    
   100.2333    
   100.7942    
   100.4450    
   100.4303    
   100.4422    
   100.5473    
   100.4591    
   100.2923    
   100.3532    
   100.3805    
   100.4272    
   100.5171    
   100.3018    
   100.4155    
   100.4883    
   100.3074    
   100.6316    
   100.3727    
   100.4370    
   100.2898    
   100.4540    
   100.4196    
   100.5227    
   100.5545    
   100.5766    
   100.5166    
   100.6148    
   100.5270    
   100.6112    
   100.5547    
   100.6506    
   100.4190    
   100.5807    
   100.7519    
   100.4628    
   100.4189    
   100.7939    
   100.2845    
   100.6574    
   100.5358    
   100.6971    
   100.4782    
   100.4899    
   100.4448    
   100.6417    
   100.5277    
   100.3833    
   100.3681    
   100.5596    
   100.3059    
   100.6618    
   100.2989    
   100.4972    
   100.6824    
   100.5047    
   100.6560    
   100.5088    
   100.4485    
   100.3376    
   100.5875    
   100.3136    
   100.5968    
   100.4607    
   100.4522    
   100.6057    
   100.4591    
   100.5511    
   100.6539    
   100.4315    
   100.7310    
   100.6441    
   100.6084    
   100.2748    
   100.3271    
   100.8000    
   100.4929    
   100.4019    
   100.2193    
   100.3823    
   100.4991    
   100.5140    
   100.3381    
   100.7210    
   100.6072    
   100.3982    
   100.3444    
   100.6414    
   100.6991    
   100.4272    
   100.4346    
   100.5094    
   100.5038    
   100.7010    
   100.6359    
   100.3748    
   100.3664    
   100.7018    
   100.5537    
   100.5069    
   100.5485    
   100.5730    
   100.4339    
   100.5326    
   100.3505    
   100.6421    
   100.3155    
   100.6801    
   100.3783    
   100.4893    
   100.4175    
   100.6380    
   100.4799    
   100.5177    
   100.4616    
   100.4632    
   100.3854    
   100.4292    
   100.4922    
   100.5143    
   100.2520    
   100.4688    
   100.4852    
   100.3772    
   100.3410    
   100.4706    
   100.3178    
   100.4863    
   100.4217    
   100.4980    
   100.5981    
   100.4709    
   100.5596    
   100.2547    
   100.4584    
   100.4253    
   100.5378    
   100.4993    
   100.1943    
   100.5059    
   100.6921    
   100.4126    
   100.4370    
   100.5092    
   100.5403    
   100.2669    
   100.8117    
   100.6343    
   100.5425    
   100.4269    
   100.3454    
   100.4598    
   100.2105    
   100.4957    
   100.3136    
   100.3920    
   100.4916    
   100.5320    
   100.4543    
   100.3704    
   100.4964    
   100.5223    
   100.2433    
   100.4592    
   100.3227    
   100.2888    
   100.6151    
   100.3621    
   100.3833    
   100.5040    
   100.4975    
   100.6491    
   100.5385    
   100.4374    
   100.4447    
   100.5129    
   100.5499    
   100.6221    
   100.4911    
   100.3096    
   100.5815    
   100.5465    
   100.4680    
   100.7371    
   100.5453    
   100.4811    
   100.5892    
   100.4115    
   100.5629    
   100.3117    
   100.5940    
   100.5703    
   100.6127    
   100.4706    
   100.3789    
   100.4404    
   100.5450    
   100.4796    
   100.6517    
   100.5327    
   100.4149    
   100.4353    
   100.4025    
   100.5397    
   100.5166    
   100.8305    
   100.5140    
   100.2953    
   100.4453    
   100.6384    
   100.5059    
   100.3343    
   100.7661    
   100.5310    
   100.6663    
   100.4949    
   100.6567    
   100.5033    
   100.3268    
   100.3899    
   100.6958    
   100.4063    
   100.4485    
   100.6538    
   100.6328    
   100.5443    
   100.4247    
   100.6414    
   100.5540    
   100.6012    
   100.4270    
   100.6584    
   100.4344    
   100.5620    
   100.4027    
   100.3852    
   100.6055    
   100.3032    
   100.4762    
   100.5744    
   100.5921    
   100.2856    
   100.4217    
   100.6029    
   100.5307    
   100.3951    
   100.5873    
   100.5805    
   100.5942    
   100.4112    
   100.5193    
   100.3635    
   100.5557    
   100.6443    
   100.4445    
   100.5155    
   100.6124    
   100.5998    
   100.3302    
   100.5788    
   100.3423    
   100.4620    
   100.3726    
   100.6260    
   100.5439    
   100.5647    
   100.4477    
   100.5693    
   100.4224    
   100.6055    
   100.5742    
   100.5085    
   100.5639    
   100.3823    
   100.6207    
   100.5646    
   100.4339    
   100.5815    
   100.5328    
   100.4595    
   100.3703    
   100.6158    
   100.4692    
   100.4943    
   100.8018    
   100.5164    
   100.4897    
   100.5428    
   100.4615    
  4.2398725E+21
