 Cluster    1:
  -0.8395969
  -0.8165274
  -0.7752474
  -0.7751585
  -0.7616282
  -0.7465295
  -0.7442480
  -0.7324618
  -0.7316032
  -0.7102294
  -0.7087225
  -0.7081001
  -0.7076706
  -0.7065679
  -0.7057514
  -0.7031198
  -0.6998038
  -0.6976392
  -0.6960437
  -0.6923890
  -0.6909890
  -0.6901566
  -0.6887147
  -0.6870741
  -0.6854099
  -0.6847919
  -0.6827518
  -0.6782385
  -0.6781144
  -0.6777334
  -0.6746060
  -0.6737497
  -0.6721118
  -0.6651639
  -0.6650059
  -0.6624221
  -0.6610558
  -0.6598747
  -0.6584500
  -0.6575801
  -0.6575422
  -0.6575296
  -0.6558570
  -0.6554246
  -0.6549842
  -0.6538197
  -0.6523553
  -0.6505145
  -0.6488652
  -0.6473740
  -0.6433338
  -0.6432061
  -0.6428684
  -0.6409987
  -0.6408557
  -0.6384583
  -0.6368531
  -0.6357859
  -0.6348754
  -0.6345819
  -0.6327336
  -0.6324723
  -0.6293920
  -0.6286657
  -0.6256076
  -0.6255460
  -0.6252366
  -0.6251643
  -0.6242070
  -0.6233478
  -0.6231475
  -0.6225821
  -0.6222864
  -0.6217461
  -0.6213950
  -0.6202362
  -0.6197144
  -0.6196842
  -0.6196713
  -0.6180947
  -0.6163853
  -0.6156082
  -0.6135035
  -0.6116065
  -0.6112616
  -0.6100955
  -0.6078858
  -0.6055484
  -0.6053960
  -0.6041824
  -0.6040384
  -0.6026002
  -0.6021036
  -0.6001623
  -0.5993533
  -0.5991138
  -0.5991071
  -0.5987974
  -0.5979818
  -0.5967957
  -0.5929847
  -0.5922143
  -0.5920812
  -0.5919514
  -0.5900898
  -0.5900445
  -0.5899072
  -0.5891460
  -0.5887383
  -0.5873685
  -0.5860783
  -0.5839275
  -0.5835963
  -0.5835553
  -0.5813833
  -0.5812218
  -0.5797350
  -0.5781883
  -0.5781574
  -0.5777931
  -0.5773520
  -0.5772346
  -0.5748929
  -0.5741934
  -0.5739173
  -0.5730439
  -0.5721632
  -0.5717765
  -0.5715834
  -0.5713584
  -0.5709763
  -0.5708603
  -0.5702505
  -0.5686702
  -0.5681373
  -0.5673431
  -0.5666295
  -0.5661494
  -0.5661426
  -0.5654346
  -0.5651544
  -0.5651031
  -0.5650437
  -0.5640851
  -0.5633353
  -0.5628150
  -0.5618712
  -0.5613133
  -0.5607120
  -0.5606002
  -0.5599222
  -0.5580480
  -0.5579982
  -0.5571232
  -0.5570985
  -0.5563600
  -0.5558559
  -0.5545533
  -0.5535715
  -0.5533171
  -0.5519792
  -0.5517284
  -0.5515673
  -0.5512115
  -0.5494713
  -0.5490190
  -0.5477191
  -0.5472585
  -0.5449605
  -0.5448613
  -0.5444727
  -0.5440559
  -0.5434271
  -0.5431329
  -0.5426134
  -0.5408244
  -0.5404499
  -0.5404034
  -0.5398220
  -0.5395178
  -0.5390569
  -0.5389756
  -0.5387539
  -0.5379741
  -0.5345012
  -0.5344427
  -0.5339535
  -0.5326376
  -0.5322547
  -0.5322436
  -0.5315709
  -0.5309256
  -0.5308887
  -0.5306532
  -0.5304399
  -0.5298064
  -0.5297532
  -0.5297146
  -0.5295906
  -0.5289538
  -0.5288532
  -0.5286700
  -0.5278418
  -0.5267963
  -0.5251818
  -0.5241282
  -0.5231186
  -0.5229176
  -0.5212740
  -0.5208716
  -0.5203944
  -0.5203196
  -0.5200970
  -0.5197266
  -0.5195282
  -0.5189494
  -0.5186645
  -0.5181934
  -0.5176929
  -0.5175894
  -0.5168542
  -0.5162379
  -0.5156640
  -0.5147043
  -0.5140930
  -0.5140649
  -0.5140412
  -0.5127282
  -0.5114871
  -0.5103000
  -0.5090489
  -0.5082706
  -0.5080440
  -0.5077083
  -0.5076597
  -0.5065683
  -0.5064673
  -0.5054350
  -0.5048448
  -0.5044622
  -0.5038476
  -0.5018370
  -0.5015168
  -0.5015117
  -0.4996001
  -0.4990639
  -0.4989346
  -0.4988698
  -0.4983575
  -0.4968201
  -0.4965957
  -0.4956314
  -0.4952020
  -0.4945368
  -0.4934781
  -0.4932305
  -0.4916514
  -0.4913504
  -0.4908982
  -0.4904378
  -0.4898894
  -0.4898531
  -0.4891253
  -0.4887709
  -0.4885330
  -0.4876413
  -0.4876201
  -0.4872587
  -0.4870636
  -0.4837685
  -0.4837016
  -0.4829066
  -0.4828034
  -0.4822719
  -0.4818363
  -0.4814759
  -0.4813296
  -0.4813047
  -0.4795055
  -0.4794577
  -0.4790525
  -0.4784726
  -0.4771895
  -0.4761097
  -0.4759130
  -0.4756686
  -0.4756110
  -0.4751035
  -0.4745544
  -0.4742709
  -0.4742575
  -0.4741096
  -0.4738579
  -0.4737857
  -0.4735565
  -0.4728599
  -0.4724517
  -0.4718888
  -0.4714432
  -0.4712080
  -0.4712010
  -0.4709783
  -0.4707271
  -0.4681225
  -0.4680614
  -0.4678255
  -0.4677822
  -0.4675330
  -0.4673720
  -0.4670843
  -0.4657052
  -0.4648542
  -0.4647116
  -0.4646197
  -0.4644203
  -0.4636933
  -0.4629572
  -0.4626027
  -0.4622948
  -0.4619312
  -0.4591522
  -0.4587713
  -0.4582459
  -0.4575878
  -0.4574987
  -0.4563015
  -0.4555237
  -0.4552333
  -0.4551327
  -0.4544833
  -0.4542801
  -0.4529257
  -0.4521289
  -0.4518288
  -0.4516973
  -0.4515331
  -0.4506178
  -0.4502773
  -0.4502649
  -0.4475505
  -0.4472792
  -0.4456671
  -0.4452437
  -0.4450533
  -0.4449130
  -0.4439307
  -0.4427928
  -0.4419453
  -0.4416255
  -0.4409904
  -0.4409545
  -0.4400913
  -0.4382499
  -0.4378651
  -0.4377523
  -0.4367309
  -0.4364316
  -0.4345888
  -0.4339455
  -0.4335015
  -0.4328291
  -0.4317992
  -0.4317991
  -0.4311832
  -0.4307468
  -0.4303537
  -0.4302028
  -0.4285191
  -0.4284206
  -0.4281427
  -0.4266269
  -0.4265379
  -0.4264753
  -0.4259911
  -0.4259740
  -0.4250530
  -0.4248151
  -0.4244585
  -0.4233753
  -0.4231976
  -0.4230964
  -0.4227116
  -0.4224937
  -0.4224162
  -0.4215851
  -0.4201120
  -0.4197132
  -0.4192629
  -0.4192295
  -0.4187130
  -0.4180445
  -0.4179925
  -0.4168977
  -0.4160666
  -0.4157904
  -0.4130318
  -0.4121298
  -0.4111721
  -0.4107426
  -0.4102606
  -0.4079196
  -0.4069148
  -0.4064181
  -0.4057334
  -0.4054556
  -0.4050751
  -0.4050081
  -0.4046546
  -0.4043781
  -0.4040400
  -0.4018652
  -0.4014698
  -0.3991575
  -0.3989801
  -0.3965562
  -0.3961768
  -0.3939237
  -0.3925454
  -0.3920539
  -0.3884515
  -0.3871706
  -0.3866339
  -0.3858665
  -0.3857988
  -0.3857508
  -0.3851315
  -0.3848616
  -0.3835521
  -0.3824032
  -0.3812460
  -0.3810990
  -0.3810003
  -0.3799167
  -0.3778905
  -0.3772311
  -0.3762991
  -0.3750915
  -0.3738720
  -0.3722022
  -0.3694512
  -0.3689740
  -0.3687439
  -0.3675805
  -0.3672484
  -0.3659686
  -0.3657557
  -0.3639480
  -0.3638571
  -0.3635614
  -0.3616539
  -0.3597329
  -0.3594559
  -0.3593519
  -0.3558956
  -0.3517120
  -0.3503357
  -0.3495777
  -0.3460904
  -0.3435007
  -0.3418239
  -0.3413480
  -0.3404030
  -0.3394775
  -0.3385879
  -0.3355611
  -0.3329552
  -0.3306985
  -0.3299911
  -0.3290646
  -0.3285561
  -0.3271485
  -0.3264346
  -0.3195521
  -0.3188936
  -0.3177654
  -0.3139413
  -0.3125191
  -0.3099187
  -0.3048512
  -0.3008026
  -0.3002124
  -0.2997386
  -0.2993765
  -0.2992792
  -0.2955517
  -0.2940152
  -0.2891616
  -0.2879670
  -0.2862386
  -0.2832481
  -0.2721424
  -0.2695742
  -0.2648190
  -0.2596977
  -0.2588353
  -0.2531416
  -0.2475783
  -0.2398651
  -0.2302864
  -0.2281682
 100.1942978
 100.2105026
 100.2192993
 100.2332993
 100.2348022
 100.2433014
 100.2519989
 100.2537994
 100.2546997
 100.2668991
 100.2734985
 100.2748032
 100.2845001
 100.2855988
 100.2865982
 100.2888031
 100.2898026
 100.2922974
 100.2953033
 100.2988968
 100.3000031
 100.3018036
 100.3031998
 100.3059006
 100.3074036
 100.3084030
 100.3096008
 100.3116989
 100.3135986
 100.3135986
 100.3154984
 100.3172989
 100.3178024
 100.3191986
 100.3197021
 100.3209000
 100.3227005
 100.3255005
 100.3267975
 100.3271027
 100.3302002
 100.3342972
 100.3352966
 100.3365021
 100.3368988
 100.3376007
 100.3380966
 100.3410034
 100.3420029
 100.3423004
 100.3443985
 100.3453979
 100.3471985
 100.3487015
 100.3489990
 100.3505020
 100.3532028
 100.3534012
 100.3600006
 100.3620987
 100.3635025
 100.3650970
 100.3659973
 100.3664017
 100.3681030
 100.3703003
 100.3703995
 100.3725967
 100.3727036
 100.3748016
 100.3761978
 100.3771973
 100.3783035
 100.3788986
 100.3805008
 100.3823013
 100.3823013
 100.3833008
 100.3833008
 100.3836975
 100.3837967
 100.3852005
 100.3853989
 100.3867035
 100.3871994
 100.3871994
 100.3899002
 100.3912964
 100.3919983
 100.3925018
 100.3942032
 100.3951035
 100.3973999
 100.3980026
 100.3982010
 100.4019012
 100.4024963
 100.4027023
 100.4035034
 100.4063034
 100.4067993
 100.4107971
 100.4112015
 100.4113998
 100.4114990
 100.4125977
 100.4129028
 100.4140015
 100.4149017
 100.4154968
 100.4175034
 100.4181976
 100.4188995
 100.4189987
 100.4192963
 100.4196014
 100.4196014
 100.4216003
 100.4216995
 100.4216995
 100.4224014
 100.4228973
 100.4235001
 100.4245987
 100.4246979
 100.4250031
 100.4250031
 100.4253006
 100.4269028
 100.4270020
 100.4272003
 100.4272003
 100.4291992
 100.4302979
 100.4312973
 100.4315033
 100.4316025
 100.4338989
 100.4338989
 100.4344025
 100.4346008
 100.4353027
 100.4369965
 100.4369965
 100.4374008
 100.4403992
 100.4409027
 100.4421997
 100.4430008
 100.4431000
 100.4445038
 100.4447021
 100.4448013
 100.4449997
 100.4452972
 100.4468994
 100.4477005
 100.4478989
 100.4485016
 100.4485016
 100.4488983
 100.4522018
 100.4529037
 100.4540024
 100.4542007
 100.4542999
 100.4553986
 100.4557037
 100.4572983
 100.4583969
 100.4590988
 100.4590988
 100.4591980
 100.4595032
 100.4598007
 100.4600983
 100.4607010
 100.4615021
 100.4616013
 100.4619980
 100.4626999
 100.4627991
 100.4632034
 100.4660034
 100.4680023
 100.4682999
 100.4684982
 100.4688034
 100.4692001
 100.4693985
 100.4705963
 100.4705963
 100.4709015
 100.4720001
 100.4721985
 100.4750977
 100.4761963
 100.4773026
 100.4775009
 100.4782028
 100.4794998
 100.4795990
 100.4798965
 100.4807968
 100.4811020
 100.4813004
 100.4833984
 100.4851990
 100.4851990
 100.4852982
 100.4854965
 100.4858017
 100.4862976
 100.4866028
 100.4868011
 100.4882965
 100.4893036
 100.4897003
 100.4898987
 100.4910965
 100.4915009
 100.4916000
 100.4922028
 100.4928970
 100.4943008
 100.4944992
 100.4949036
 100.4956970
 100.4959030
 100.4963989
 100.4964981
 100.4970016
 100.4972000
 100.4974976
 100.4980011
 100.4984970
 100.4989014
 100.4990997
 100.4992981
 100.5000000
 100.5005035
 100.5006027
 100.5033035
 100.5037994
 100.5039978
 100.5046997
 100.5058975
 100.5058975
 100.5068970
 100.5084991
 100.5087967
 100.5092010
 100.5093994
 100.5096970
 100.5113983
 100.5114975
 100.5115967
 100.5129013
 100.5139999
 100.5139999
 100.5142975
 100.5146027
 100.5147018
 100.5155029
 100.5164032
 100.5166016
 100.5166016
 100.5170975
 100.5175018
 100.5177002
 100.5190964
 100.5193024
 100.5194016
 100.5196991
 100.5223007
 100.5226974
 100.5236969
 100.5241013
 100.5251999
 100.5270004
 100.5274963
 100.5277023
 100.5279007
 100.5289993
 100.5289993
 100.5301971
 100.5307007
 100.5308990
 100.5309982
 100.5309982
 100.5319977
 100.5326004
 100.5326996
 100.5327988
 100.5334015
 100.5353012
 100.5357971
 100.5361023
 100.5378036
 100.5379028
 100.5384979
 100.5390015
 100.5397034
 100.5402985
 100.5412979
 100.5414963
 100.5425034
 100.5428009
 100.5438995
 100.5442963
 100.5449982
 100.5453033
 100.5457993
 100.5465012
 100.5473022
 100.5485001
 100.5497971
 100.5498962
 100.5507965
 100.5511017
 100.5520020
 100.5537033
 100.5540009
 100.5544968
 100.5547028
 100.5557022
 100.5584030
 100.5590973
 100.5596008
 100.5596008
 100.5619965
 100.5628967
 100.5639038
 100.5645981
 100.5646973
 100.5649033
 100.5671997
 100.5675964
 100.5681992
 100.5692978
 100.5702972
 100.5725021
 100.5729980
 100.5740967
 100.5742035
 100.5744019
 100.5755997
 100.5756989
 100.5756989
 100.5758972
 100.5765991
 100.5768967
 100.5783997
 100.5787964
 100.5790024
 100.5804977
 100.5807037
 100.5814972
 100.5814972
 100.5830994
 100.5867996
 100.5868988
 100.5873032
 100.5875015
 100.5876999
 100.5892029
 100.5899963
 100.5921021
 100.5923004
 100.5933990
 100.5940018
 100.5942001
 100.5942001
 100.5954971
 100.5961990
 100.5968018
 100.5980988
 100.5988007
 100.5997009
 100.5998001
 100.6010971
 100.6011963
 100.6028976
 100.6051025
 100.6054993
 100.6054993
 100.6056976
 100.6067963
 100.6072006
 100.6079025
 100.6083984
 100.6084976
 100.6102982
 100.6102982
 100.6106033
 100.6111984
 100.6119995
 100.6123962
 100.6127014
 100.6130981
 100.6145020
 100.6147995
 100.6150970
 100.6157990
 100.6184006
 100.6196976
 100.6206970
 100.6206970
 100.6211014
 100.6221008
 100.6222000
 100.6225967
 100.6248016
 100.6259995
 100.6262970
 100.6278000
 100.6314011
 100.6315994
 100.6324997
 100.6325989
 100.6327972
 100.6343002
 100.6353989
 100.6359024
 100.6363983
 100.6380005
 100.6383972
 100.6410980
 100.6414032
 100.6414032
 100.6417007
 100.6417007
 100.6420975
 100.6435013
 100.6440964
 100.6440964
 100.6443024
 100.6458969
 100.6468964
 100.6491013
 100.6505966
 100.6517029
 100.6520004
 100.6522980
 100.6535034
 100.6538010
 100.6539001
 100.6559982
 100.6567001
 100.6573029
 100.6574020
 100.6584015
 100.6617966
 100.6640015
 100.6641998
 100.6651993
 100.6662979
 100.6664963
 100.6682968
 100.6697006
 100.6706009
 100.6800995
 100.6824036
 100.6875992
 100.6908035
 100.6921005
 100.6924973
 100.6945038
 100.6958008
 100.6970978
 100.6990967
 100.7003021
 100.7009964
 100.7017975
 100.7017975
 100.7125015
 100.7126007
 100.7129974
 100.7141037
 100.7186966
 100.7210007
 100.7284012
 100.7310028
 100.7353973
 100.7370987
 100.7407990
 100.7428970
 100.7518997
 100.7547989
 100.7660980
 100.7779999
 100.7808990
 100.7916031
 100.7938995
 100.7941971
 100.8000031
 100.8018036
 100.8020020
 100.8116989
 100.8304977
 Cluster    2:
   4.2398725E+21
