 Cluster    1:
  -0.3056934
  -0.2894884
  -0.2806678
  -0.2667131
  -0.2651674
  -0.2566815
  -0.2480224
  -0.2461792
  -0.2452706
  -0.2331232
  -0.2264548
  -0.2252250
  -0.2155171
  -0.2143918
  -0.2133679
  -0.2112076
  -0.2102216
  -0.2076998
 Cluster    2:
  -0.2046944
  -0.2010789
  -0.1999554
  -0.1981869
  -0.1968001
  -0.1941063
  -0.1925937
  -0.1916246
  -0.1904224
  -0.1883252
  -0.1864353
  -0.1863690
  -0.1844611
  -0.1826927
  -0.1821615
  -0.1807843
  -0.1803255
  -0.1790913
  -0.1772619
  -0.1745161
  -0.1732138
  -0.1729356
  -0.1698377
  -0.1657128
  -0.1647411
  -0.1634634
  -0.1631445
  -0.1623826
  -0.1618961
  -0.1589667
  -0.1579823
  -0.1576631
  -0.1555746
  -0.1545906
  -0.1527605
  -0.1513294
  -0.1510182
  -0.1494927
  -0.1467830
  -0.1465674
  -0.1399852
  -0.1379117
  -0.1364555
  -0.1348709
  -0.1340148
  -0.1336449
  -0.1318859
 Cluster    3:
  -0.1296921
  -0.1296029
  -0.1273750
  -0.1272882
  -0.1251785
  -0.1238114
  -0.1228458
  -0.1217177
  -0.1211397
  -0.1194933
  -0.1177224
  -0.1176517
  -0.1167430
  -0.1166846
  -0.1162621
  -0.1162207
  -0.1147802
  -0.1145829
  -0.1132931
  -0.1128156
  -0.1127783
  -0.1101254
  -0.1087375
  -0.1079612
  -0.1075086
  -0.1058423
  -0.1049128
  -0.1025517
  -0.1019894
  -0.1018125
  -9.8054439E-02
  -9.7468019E-02
  -9.7263366E-02
  -9.6525550E-02
  -9.3666345E-02
  -9.3202263E-02
  -8.9216232E-02
  -8.8763207E-02
  -8.8625699E-02
  -8.8501066E-02
  -8.7365478E-02
  -8.7133080E-02
  -8.5976332E-02
  -8.5140318E-02
  -8.4455967E-02
  -8.2511902E-02
  -8.1790358E-02
  -8.1083775E-02
  -8.0994457E-02
  -8.0684096E-02
  -8.0380768E-02
  -8.0371976E-02
  -7.8402877E-02
  -7.8264385E-02
  -7.8256845E-02
  -7.7587605E-02
  -7.7080578E-02
  -7.6497048E-02
  -7.5398594E-02
  -7.5325876E-02
  -7.5006038E-02
  -7.4994832E-02
  -7.4728936E-02
  -7.3132783E-02
  -7.2968006E-02
  -7.2829694E-02
  -7.2798491E-02
  -7.0785314E-02
  -6.9686770E-02
  -6.8717152E-02
  -6.8479180E-02
  -6.8356633E-02
  -6.6088408E-02
  -6.6080719E-02
  -6.5562487E-02
  -6.5413147E-02
  -6.4674765E-02
  -6.3023090E-02
  -6.2998533E-02
  -6.2595397E-02
 Cluster    4:
  -5.9568018E-02
  -5.9101731E-02
  -5.7845563E-02
  -5.7000846E-02
  -5.6879520E-02
  -5.5447370E-02
  -5.5272698E-02
  -5.5167407E-02
  -5.5034250E-02
  -5.4687947E-02
  -5.3062767E-02
  -5.2306771E-02
  -5.2085161E-02
  -5.1512986E-02
  -5.1461011E-02
  -5.1133752E-02
  -4.7787756E-02
  -4.7119260E-02
  -4.6041727E-02
  -4.5823544E-02
  -4.5749545E-02
  -4.4621348E-02
  -4.4256687E-02
  -4.2747647E-02
  -4.1560054E-02
  -4.0937752E-02
  -4.0881157E-02
  -4.0768027E-02
  -4.0458560E-02
  -4.0191203E-02
  -3.9932609E-02
  -3.9345860E-02
  -3.8527250E-02
  -3.8363814E-02
  -3.8017035E-02
  -3.7307411E-02
  -3.7236243E-02
  -3.6812782E-02
  -3.3967584E-02
  -3.2022953E-02
  -3.1672448E-02
  -3.1460255E-02
  -3.1183094E-02
  -3.0766249E-02
  -3.0592948E-02
  -2.9439330E-02
  -2.9395580E-02
  -2.9117495E-02
  -2.7989596E-02
  -2.7764171E-02
  -2.4937660E-02
  -2.3778915E-02
  -2.2690684E-02
  -2.2544235E-02
  -2.1759421E-02
  -2.0543247E-02
  -2.0424366E-02
  -2.0053595E-02
  -1.9240886E-02
  -1.8941194E-02
  -1.8681407E-02
  -1.6604334E-02
  -1.4806420E-02
  -1.4764309E-02
  -1.4682621E-02
  -1.4452100E-02
  -1.4174700E-02
  -1.3693482E-02
  -1.3436526E-02
  -1.3160825E-02
  -1.1704206E-02
  -1.0686129E-02
  -1.0341763E-02
  -1.0085613E-02
  -8.9333355E-03
  -8.4694326E-03
  -8.3925724E-03
  -7.7908933E-03
  -7.1029663E-03
  -5.6726038E-03
  -5.4951608E-03
  -5.1189363E-03
  -4.3177605E-03
  -4.1096210E-03
  -3.5578310E-03
  -3.4988225E-03
  -2.9600859E-03
  -2.8028786E-03
  -2.5358200E-03
  -2.0077527E-03
  -1.4707148E-03
  -1.1413097E-03
  -9.1257691E-04
  -7.0965290E-04
   1.1920929E-06
   5.1122904E-04
   6.1243773E-04
 Cluster    5:
   3.2539368E-03
   3.7841201E-03
   4.0357113E-03
   4.7481060E-03
   5.8634281E-03
   5.9443116E-03
   6.9062710E-03
   8.4578991E-03
   8.8353157E-03
   9.1796517E-03
   9.4348788E-03
   9.7313523E-03
   1.1421084E-02
   1.1494339E-02
   1.1577427E-02
   1.2880683E-02
   1.3960719E-02
   1.4022589E-02
   1.4266908E-02
   1.4608026E-02
   1.4655769E-02
   1.5523732E-02
   1.6386211E-02
   1.6643584E-02
   1.6649544E-02
   1.7076671E-02
   1.7452240E-02
   1.7694294E-02
   1.9131958E-02
   1.9262552E-02
   1.9405782E-02
   1.9701600E-02
   2.2342026E-02
   2.2717535E-02
   2.3715675E-02
   2.4112999E-02
   2.5203764E-02
   2.7016461E-02
   2.7481437E-02
   2.7666032E-02
   2.7882278E-02
   2.9043615E-02
   2.9043913E-02
   3.0171692E-02
   3.0683100E-02
   3.0899584E-02
   3.0990899E-02
   3.1017542E-02
   3.2004178E-02
   3.2577932E-02
   3.2729030E-02
   3.2834291E-02
   3.3394516E-02
   3.5342813E-02
   3.5793722E-02
   3.6149442E-02
   3.7847519E-02
   3.7904024E-02
   3.8487852E-02
   3.9013565E-02
   3.9655507E-02
   4.0257454E-02
   4.1322351E-02
   4.1531861E-02
   4.2501390E-02
   4.2803526E-02
   4.3858767E-02
   4.4268072E-02
   4.4950068E-02
   4.5304716E-02
   4.5833349E-02
   4.6467662E-02
   4.7309458E-02
   4.8502922E-02
   4.9752414E-02
   4.9926698E-02
   5.0789773E-02
   5.1112831E-02
   5.2006781E-02
   5.3736269E-02
   5.4049909E-02
   5.4456413E-02
   5.4746389E-02
   5.5745840E-02
   5.8372557E-02
   5.9142232E-02
   5.9559941E-02
   5.9579670E-02
   6.2017679E-02
   6.2914908E-02
   6.3937962E-02
   6.4564228E-02
   6.4691067E-02
   6.4890027E-02
 Cluster    6:
   6.7180634E-02
   6.7611992E-02
   6.8166673E-02
   6.9319546E-02
   7.0329845E-02
   7.2481096E-02
   7.2965205E-02
   7.4099004E-02
   7.4189842E-02
   7.4395657E-02
   7.5589836E-02
   7.5654328E-02
   7.5711310E-02
   7.5880408E-02
   7.6612771E-02
   7.6887846E-02
   7.8359127E-02
   7.8801095E-02
   7.9045296E-02
   8.0501497E-02
   8.0675602E-02
   8.1481159E-02
   8.1527770E-02
   8.3085239E-02
   8.6847723E-02
   8.6940646E-02
   8.7342083E-02
   8.7480962E-02
   8.7696493E-02
   8.9202940E-02
   8.9980781E-02
   9.2137396E-02
   9.2293024E-02
   9.3425333E-02
   9.4049990E-02
   9.4150960E-02
   9.4220102E-02
   9.5488012E-02
   9.6236050E-02
   9.6752346E-02
   9.8057866E-02
   9.8828793E-02
   9.9687278E-02
   9.9755704E-02
   0.1010717
   0.1011840
   0.1029227
   0.1050925
   0.1054642
   0.1055217
   0.1057343
   0.1067553
   0.1072304
   0.1078728
   0.1083713
   0.1084601
   0.1103090
   0.1103349
   0.1105778
   0.1111991
   0.1119584
   0.1123920
   0.1127246
   0.1131278
   0.1145508
   0.1147656
   0.1151127
   0.1158435
   0.1183544
   0.1196918
   0.1206549
   0.1206915
   0.1211233
   0.1220689
   0.1222245
   0.1226068
   0.1248074
   0.1259865
   0.1262687
   0.1277979
 Cluster    7:
   0.1313789
   0.1315969
   0.1325024
   0.1326019
   0.1328447
   0.1343334
   0.1353950
   0.1359503
   0.1364289
   0.1380133
   0.1383772
   0.1411290
   0.1414246
   0.1414359
   0.1417318
   0.1417322
   0.1421357
   0.1435047
   0.1440676
   0.1441520
   0.1443204
   0.1458868
   0.1469321
   0.1490577
   0.1506296
   0.1516587
   0.1520413
   0.1523240
   0.1535516
   0.1538498
   0.1538615
   0.1559929
   0.1567283
   0.1572989
   0.1573753
   0.1584265
   0.1617698
   0.1640238
   0.1642249
   0.1651661
   0.1662598
   0.1664995
   0.1682646
   0.1696532
   0.1706259
   0.1801074
   0.1824489
   0.1875737
 Cluster    8:
   0.1907809
   0.1920580
   0.1924604
   0.1944790
   0.1957815
   0.1970863
   0.1990981
   0.2002609
   0.2010028
   0.2017598
   0.2018240
   0.2124856
   0.2125745
   0.2129713
   0.2140994
   0.2187181
   0.2210011
   0.2284103
   0.2309757
   0.2353591
   0.2371194
   0.2408449
   0.2428614
   0.2518837
   0.2547609
 Cluster    9:
   0.2660939
   0.2780030
   0.2809102
   0.2915904
   0.2938912
   0.2942235
   0.2999821
   0.3018158
   0.3020062
   0.3117287
   0.3305295
 Cluster   10:
   0.6604031
   0.6834726
 Cluster   11:
   0.7247526
   0.7248415
   0.7383718
   0.7534705
   0.7557520
   0.7675382
   0.7683968
 Cluster   12:
   0.7897706
   0.7912775
   0.7918999
   0.7923294
   0.7934321
   0.7942486
   0.7968802
   0.8001962
   0.8023608
   0.8039563
   0.8076110
   0.8090110
   0.8098434
   0.8112853
   0.8129259
   0.8145901
   0.8152081
   0.8172482
   0.8217615
   0.8218856
   0.8222666
   0.8253940
   0.8262503
   0.8278882
   0.8348361
   0.8349941
   0.8375779
 Cluster   13:
   0.8389442
   0.8401253
   0.8415500
   0.8424199
   0.8424578
   0.8424704
   0.8441430
   0.8445754
   0.8450158
   0.8461803
   0.8476447
   0.8494855
   0.8511348
   0.8526260
   0.8566662
   0.8567939
   0.8571316
   0.8590013
   0.8591443
   0.8615417
   0.8631469
   0.8642141
   0.8651246
   0.8654181
   0.8672664
   0.8675277
   0.8706080
   0.8713343
   0.8743924
   0.8744540
   0.8747634
   0.8748357
   0.8757930
   0.8766522
   0.8768525
   0.8774179
   0.8777136
   0.8782539
   0.8786050
   0.8797638
   0.8802856
   0.8803158
   0.8803287
   0.8819053
   0.8836147
   0.8843918
   0.8864965
   0.8883935
   0.8887384
   0.8899045
   0.8921142
   0.8944516
   0.8946040
   0.8958176
   0.8959616
   0.8973998
   0.8978964
   0.8998377
 Cluster   14:
   0.9006467
   0.9008862
   0.9008929
   0.9012026
   0.9020182
   0.9032043
   0.9070153
   0.9077857
   0.9079188
   0.9080486
   0.9099102
   0.9099555
   0.9100928
   0.9108540
   0.9112617
   0.9126315
   0.9139217
   0.9160725
   0.9164037
   0.9164447
   0.9186167
   0.9187782
   0.9202650
   0.9218117
   0.9218426
   0.9222069
   0.9226480
   0.9227654
   0.9251071
   0.9258066
   0.9260827
   0.9269561
   0.9278368
   0.9282235
   0.9284166
   0.9286416
   0.9290237
   0.9291397
   0.9297495
   0.9313298
   0.9318627
   0.9326569
   0.9333705
   0.9338506
   0.9338574
   0.9345654
   0.9348456
   0.9348969
   0.9349563
   0.9359149
   0.9366647
   0.9371850
   0.9381288
   0.9386867
   0.9392880
   0.9393998
   0.9400778
   0.9419520
   0.9420018
   0.9428768
   0.9429015
   0.9436400
   0.9441441
   0.9454467
   0.9464285
   0.9466829
   0.9480208
   0.9482716
   0.9484327
   0.9487885
   0.9505287
   0.9509810
   0.9522809
   0.9527415
   0.9550395
   0.9551387
   0.9555273
   0.9559441
   0.9565729
   0.9568671
   0.9573866
   0.9591756
   0.9595501
   0.9595966
   0.9601780
   0.9604822
   0.9609431
   0.9610244
   0.9612461
   0.9620259
   0.9654988
   0.9655573
 Cluster   15:
   0.9660465
   0.9673624
   0.9677453
   0.9677564
   0.9684291
   0.9690744
   0.9691113
   0.9693468
   0.9695601
   0.9701936
   0.9702468
   0.9702854
   0.9704094
   0.9710462
   0.9711468
   0.9713300
   0.9721582
   0.9732037
   0.9748182
   0.9758718
   0.9768814
   0.9770824
   0.9787260
   0.9791284
   0.9796056
   0.9796804
   0.9799030
   0.9802734
   0.9804718
   0.9810506
   0.9813355
   0.9818066
   0.9823071
   0.9824106
   0.9831458
   0.9837621
   0.9843360
   0.9852957
   0.9859070
   0.9859351
   0.9859588
   0.9872718
   0.9885129
   0.9897000
   0.9909511
   0.9917294
   0.9919560
   0.9922917
   0.9923403
   0.9934317
   0.9935327
   0.9945650
   0.9951552
   0.9955378
   0.9961524
   0.9981630
   0.9984832
   0.9984883
   1.0003999
   1.0009360
   1.0010650
   1.0011300
   1.0016420
   1.0031800
   1.0034040
   1.0043690
   1.0047981
   1.0054630
   1.0065221
   1.0067689
   1.0083489
   1.0086499
   1.0091020
   1.0095620
   1.0101110
   1.0101470
   1.0108750
   1.0112290
   1.0114670
   1.0123590
   1.0123800
   1.0127410
   1.0129360
   1.0162320
   1.0162981
   1.0170929
   1.0171970
   1.0177280
   1.0181640
   1.0185241
   1.0186700
   1.0186950
   1.0204940
   1.0205420
   1.0209470
   1.0215271
   1.0228100
   1.0238900
   1.0240870
   1.0243310
   1.0243890
   1.0248970
   1.0254461
   1.0257289
   1.0257430
   1.0258900
   1.0261420
   1.0262140
   1.0264430
   1.0271400
   1.0275480
   1.0281110
   1.0285569
   1.0287920
   1.0287991
   1.0290220
   1.0292730
 Cluster   16:
   1.0318780
   1.0319390
   1.0321740
   1.0322180
   1.0324670
   1.0326281
   1.0329159
   1.0342950
   1.0351460
   1.0352880
   1.0353800
   1.0355800
   1.0363070
   1.0370430
   1.0373970
   1.0377049
   1.0380690
   1.0408480
   1.0412290
   1.0417540
   1.0424120
   1.0425010
   1.0436990
   1.0444760
   1.0447670
   1.0448670
   1.0455170
   1.0457200
   1.0470740
   1.0478710
   1.0481710
   1.0483030
   1.0484670
   1.0493820
   1.0497230
   1.0497350
   1.0524490
   1.0527210
   1.0543330
   1.0547560
   1.0549470
   1.0550870
   1.0560690
   1.0572070
   1.0580550
   1.0583740
   1.0590100
   1.0590460
   1.0599090
   1.0617501
   1.0621350
   1.0622480
   1.0632690
   1.0635680
   1.0654110
   1.0660551
   1.0664990
   1.0671710
   1.0682009
   1.0682009
   1.0688170
   1.0692530
   1.0696460
   1.0697970
   1.0714810
   1.0715790
   1.0718570
   1.0733730
   1.0734620
   1.0735250
   1.0740089
   1.0740260
   1.0749470
   1.0751849
   1.0755410
   1.0766250
   1.0768020
   1.0769041
   1.0772880
   1.0775059
   1.0775840
   1.0784150
   1.0798880
   1.0802870
   1.0807370
   1.0807700
   1.0812870
   1.0819550
   1.0820071
   1.0831020
   1.0839330
   1.0842100
   1.0869679
   1.0878700
   1.0888280
   1.0892570
   1.0897390
   1.0920800
   1.0930851
   1.0935820
   1.0942670
   1.0945441
   1.0949250
   1.0949920
   1.0953450
   1.0956219
   1.0959600
 Cluster   17:
   1.0981350
   1.0985301
   1.1008420
   1.1010200
   1.1034440
   1.1038229
   1.1060760
   1.1074550
   1.1079460
   1.1115479
   1.1128290
   1.1133660
   1.1141340
   1.1142009
   1.1142490
   1.1148690
   1.1151381
   1.1164480
   1.1175970
   1.1187540
   1.1189010
   1.1190000
   1.1200830
   1.1221091
   1.1227690
   1.1237010
   1.1249080
   1.1261280
   1.1277980
   1.1305490
   1.1310260
   1.1312560
   1.1324199
   1.1327519
   1.1340311
   1.1342440
   1.1360520
   1.1361430
   1.1364390
   1.1383460
   1.1402670
   1.1405441
   1.1406480
   1.1441040
   1.1482880
   1.1496640
   1.1504220
   1.1539100
   1.1564990
   1.1581759
   1.1586519
   1.1595970
   1.1605220
   1.1614120
   1.1644390
   1.1670450
 Cluster   18:
   1.1693020
   1.1700090
   1.1709350
   1.1714441
   1.1728520
   1.1735650
   1.1804481
   1.1811060
   1.1822350
   1.1860590
   1.1874810
   1.1900810
   1.1951489
   1.1991971
   1.1997880
   1.2002610
   1.2006240
   1.2007210
   1.2044480
   1.2059850
   1.2108380
   1.2120330
   1.2137610
   1.2167521
   1.2278579
   1.2304260
   1.2351810
   1.2403020
   1.2411650
   1.2468580
   1.2524220
   1.2601351
   1.2697140
   1.2718320
