 Cluster    1:
  -0.9989079
  -0.9969177
  -0.9951519
  -0.9935437
  -0.9894026
  -0.9884133
  -0.9875330
  -0.9855031
  -0.9847955
  -0.9846012
  -0.9836194
  -0.9774811
  -0.9774620
  -0.9770535
  -0.9757795
  -0.9757766
  -0.9737495
  -0.9716770
  -0.9657733
  -0.9655882
  -0.9626178
  -0.9614769
  -0.9608669
  -0.9606749
  -0.9565772
  -0.9547561
  -0.9540446
  -0.9538259
  -0.9520683
  -0.9513103
  -0.9504830
  -0.9479519
  -0.9475313
  -0.9453428
  -0.9450400
  -0.9425796
  -0.9417773
  -0.9408889
  -0.9401770
  -0.9360512
  -0.9358304
  -0.9356891
  -0.9350089
  -0.9290513
  -0.9286559
  -0.9244169
  -0.9235309
  -0.9198170
  -0.9197131
  -0.9186346
  -0.9144893
  -0.9087836
  -0.8976975
  -0.8970034
  -0.8956156
  -0.8940848
  -0.8913422
  -0.8910822
  -0.8882927
  -0.8834152
  -0.8822314
  -0.8791676
 Cluster    2:
  -0.8699772
  -0.8619401
  -0.8619004
  -0.8618956
  -0.8535699
  -0.8534974
  -0.8526867
  -0.8511991
  -0.8486083
  -0.8462726
  -0.8449019
  -0.8435609
  -0.8433470
  -0.8401881
  -0.8389531
  -0.8387153
  -0.8376463
  -0.8367222
  -0.8344314
  -0.8343218
  -0.8207667
  -0.8180944
  -0.8175469
  -0.8175183
  -0.8169764
  -0.8161065
  -0.8151615
  -0.8062209
  -0.8042970
  -0.8019214
  -0.8001595
  -0.8001459
  -0.7984385
  -0.7947177
  -0.7901986
  -0.7889186
  -0.7859672
  -0.7833893
  -0.7831224
  -0.7812192
  -0.7801751
  -0.7778021
  -0.7756854
  -0.7725028
  -0.7700392
  -0.7663934
  -0.7643048
  -0.7636405
  -0.7579778
  -0.7578796
  -0.7573891
  -0.7571734
  -0.7566723
  -0.7496420
  -0.7482899
  -0.7476765
  -0.7375679
  -0.7359213
 Cluster    3:
  -0.7313855
  -0.7295052
  -0.7287435
  -0.7282844
  -0.7266132
  -0.7263768
  -0.7244581
  -0.7208495
  -0.7203336
  -0.7178609
  -0.7143605
  -0.7143083
  -0.7107610
  -0.7103304
  -0.7102874
  -0.7102345
  -0.7085963
  -0.7076602
  -0.7067142
  -0.7063932
  -0.7039778
  -0.7031706
  -0.7003573
  -0.6990333
  -0.6967583
  -0.6961074
  -0.6953706
  -0.6933641
  -0.6902442
  -0.6871490
  -0.6859004
  -0.6854703
  -0.6824203
  -0.6814725
  -0.6808836
  -0.6785451
  -0.6765266
  -0.6727542
  -0.6705115
  -0.6704574
  -0.6701571
  -0.6622462
  -0.6621587
  -0.6606560
  -0.6584599
  -0.6563928
  -0.6560328
  -0.6556708
  -0.6534958
  -0.6508972
  -0.6507367
  -0.6499571
  -0.6494468
  -0.6491845
  -0.6480709
  -0.6437641
  -0.6395832
  -0.6362662
  -0.6277245
  -0.6255385
  -0.6236781
  -0.6227410
  -0.6227090
  -0.6206315
  -0.6160872
  -0.6157079
  -0.6146055
  -0.6135397
  -0.6120926
  -0.6106411
  -0.6066797
  -0.6065539
  -0.5992434
  -0.5966575
  -0.5954733
  -0.5946959
  -0.5940695
  -0.5938762
  -0.5903585
  -0.5876396
 Cluster    4:
  -0.5796666
  -0.5742903
  -0.5722304
  -0.5693218
  -0.5655934
  -0.5654960
  -0.5638741
  -0.5605924
  -0.5603403
  -0.5602981
  -0.5592630
  -0.5497392
  -0.5481285
  -0.5469625
  -0.5432244
  -0.5418578
  -0.5410503
  -0.5379183
  -0.5342423
  -0.5341347
  -0.5332890
  -0.5304104
  -0.5294825
  -0.5289720
  -0.5278823
  -0.5273273
  -0.5233283
  -0.5225693
  -0.5224453
  -0.5217426
  -0.5210022
  -0.5202914
  -0.5197108
  -0.5194021
  -0.5185134
  -0.5147538
  -0.5144378
  -0.5073535
  -0.5056695
  -0.5038095
  -0.4992617
  -0.4991756
  -0.4956900
  -0.4909775
  -0.4901108
  -0.4880526
  -0.4843616
  -0.4834235
  -0.4833947
  -0.4813852
  -0.4723722
  -0.4659933
  -0.4645222
  -0.4631021
  -0.4623367
  -0.4616864
  -0.4596685
  -0.4593284
  -0.4562021
  -0.4551102
  -0.4534965
  -0.4518847
  -0.4517403
  -0.4514613
  -0.4507900
  -0.4502232
  -0.4490636
  -0.4477310
  -0.4451580
 Cluster    5:
  -0.4417176
  -0.4310360
  -0.4296038
  -0.4287348
  -0.4284948
  -0.4271381
  -0.4269112
  -0.4263454
  -0.4251071
  -0.4238471
  -0.4232489
  -0.4178201
  -0.4135084
  -0.4115067
  -0.4095388
  -0.4090480
  -0.4067948
  -0.4057305
  -0.4025305
  -0.4001510
  -0.3942930
  -0.3922049
  -0.3919113
  -0.3913078
  -0.3883775
  -0.3845206
  -0.3833780
  -0.3826461
  -0.3824459
  -0.3812262
  -0.3795103
  -0.3794269
  -0.3777229
  -0.3738776
  -0.3717268
  -0.3714051
  -0.3703449
  -0.3677125
  -0.3672677
  -0.3653677
  -0.3625174
  -0.3608279
  -0.3595708
  -0.3589765
  -0.3581088
  -0.3514643
  -0.3512102
  -0.3488274
  -0.3482960
  -0.3447681
  -0.3431317
  -0.3428702
  -0.3421386
  -0.3366321
  -0.3360658
  -0.3347481
  -0.3331200
  -0.3298725
  -0.3298486
  -0.3291619
  -0.3252803
  -0.3242235
  -0.3194007
 Cluster    6:
  -0.3167444
  -0.3162553
  -0.3135024
  -0.3111772
  -0.3096765
  -0.3094310
  -0.3090428
  -0.3065318
  -0.3063965
  -0.3020844
  -0.2991388
  -0.2977592
  -0.2950259
  -0.2920491
  -0.2892205
  -0.2871768
  -0.2869768
  -0.2853186
  -0.2834998
  -0.2833284
  -0.2828343
  -0.2823535
  -0.2821109
  -0.2803119
  -0.2791774
  -0.2769682
  -0.2757834
  -0.2741760
  -0.2724504
  -0.2720237
  -0.2683249
  -0.2652647
  -0.2635067
  -0.2626814
  -0.2620522
  -0.2611026
  -0.2595263
  -0.2576972
  -0.2536855
  -0.2525419
  -0.2473327
  -0.2407922
  -0.2395869
  -0.2373607
  -0.2355502
  -0.2353960
  -0.2345512
  -0.2341449
  -0.2330389
  -0.2324782
  -0.2315730
  -0.2312933
  -0.2303591
  -0.2299311
  -0.2286290
  -0.2228670
  -0.2225676
  -0.2222744
  -0.2199631
  -0.2197284
  -0.2190073
  -0.2165410
  -0.2150544
  -0.2111930
  -0.2111912
  -0.2097166
  -0.2074801
  -0.2071238
  -0.2061979
 Cluster    7:
  -0.2002442
  -0.1967768
  -0.1966906
  -0.1931536
  -0.1922158
  -0.1847929
  -0.1841711
  -0.1776209
  -0.1764202
  -0.1739587
  -0.1738940
  -0.1722254
  -0.1717818
  -0.1691976
  -0.1684322
  -0.1682607
  -0.1617675
  -0.1609327
  -0.1565062
  -0.1528413
  -0.1524644
  -0.1524354
  -0.1516170
  -0.1495884
  -0.1490177
  -0.1443114
  -0.1438122
  -0.1401953
  -0.1395173
  -0.1364388
  -0.1354803
  -0.1350277
  -0.1331143
  -0.1323259
  -0.1300788
  -0.1267839
  -0.1264348
  -0.1227298
  -0.1207044
  -0.1205683
  -0.1200066
  -0.1175315
  -0.1111636
  -0.1107059
  -0.1092845
  -0.1081742
  -0.1079848
  -0.1049811
  -0.1019291
  -0.1009299
  -0.1001988
 Cluster    8:
  -9.6533775E-02
  -9.4137430E-02
  -9.3185723E-02
  -9.1994584E-02
  -8.6220205E-02
  -8.5859418E-02
  -8.0024123E-02
  -7.9575896E-02
  -7.8106523E-02
  -7.6465487E-02
  -7.4838281E-02
  -7.0760369E-02
  -6.7626297E-02
  -6.6615880E-02
  -6.5112591E-02
  -6.4895988E-02
  -6.2298894E-02
  -6.1619401E-02
  -6.1492562E-02
  -5.9181750E-02
  -5.8894992E-02
  -5.3193808E-02
  -5.0971627E-02
  -4.8702598E-02
  -4.8149288E-02
  -4.1559458E-02
  -3.9195240E-02
  -3.7403047E-02
  -3.7380219E-02
  -3.7004232E-02
  -3.6809862E-02
  -3.6767781E-02
  -3.6569297E-02
  -3.6525249E-02
  -3.3871233E-02
  -3.0407846E-02
  -2.9068649E-02
  -2.7935803E-02
  -2.4699688E-02
  -2.1644056E-02
  -2.0430744E-02
  -1.9235790E-02
  -1.7313123E-02
  -1.3812125E-02
  -1.2622774E-02
  -8.0251694E-03
  -7.7552199E-03
  -2.5054812E-03
 Cluster    9:
   1.0000230
   1.0003099
   1.0020159
   1.0070860
   1.0072550
   1.0081470
   1.0094080
   1.0134820
   1.0170320
   1.0181980
   1.0231620
   1.0289050
   1.0289350
   1.0295330
   1.0342040
   1.0364920
   1.0373000
   1.0397640
   1.0413530
   1.0413570
   1.0426040
   1.0473450
   1.0494680
   1.0505940
   1.0510629
   1.0562080
   1.0583620
   1.0608450
   1.0636400
   1.0667030
   1.0686290
   1.0693810
   1.0697470
   1.0713511
   1.0716619
   1.0762180
   1.0820450
   1.0839670
   1.0850320
   1.0888510
   1.0895480
   1.0922530
   1.0931790
   1.0934110
   1.0936300
   1.0959300
   1.0967810
 Cluster   10:
   1.1046840
   1.1046990
   1.1061850
   1.1089400
   1.1109520
   1.1135640
   1.1141430
   1.1150090
   1.1164540
   1.1171130
   1.1191390
   1.1211470
   1.1250890
   1.1258750
   1.1270940
   1.1279740
   1.1287971
   1.1303660
   1.1334380
   1.1336499
   1.1356570
   1.1412930
   1.1423470
   1.1424620
   1.1424960
   1.1452370
   1.1466269
   1.1475540
   1.1490570
   1.1495440
   1.1509030
   1.1512730
   1.1529180
   1.1558959
   1.1587940
   1.1639220
   1.1647130
   1.1653990
   1.1673210
   1.1682950
   1.1701370
   1.1706930
   1.1731690
   1.1736521
   1.1744180
   1.1745239
   1.1759920
   1.1785910
   1.1787720
   1.1790349
   1.1798151
   1.1810120
   1.1813430
   1.1822619
   1.1832680
   1.1833640
   1.1878541
   1.1896900
   1.1908630
   1.1917861
   1.1918590
   1.1923320
 Cluster   11:
   1.1965040
   1.1969171
   1.1979510
   1.2009701
   1.2031389
   1.2061810
   1.2068570
   1.2081320
   1.2091600
   1.2119230
   1.2138439
   1.2155030
   1.2222130
   1.2225400
   1.2236080
   1.2255520
   1.2258250
   1.2276460
   1.2360170
   1.2371830
   1.2398030
   1.2425970
   1.2440320
   1.2458709
   1.2471490
   1.2480470
   1.2492310
   1.2502960
   1.2515481
   1.2530860
   1.2550139
   1.2557280
   1.2575001
   1.2585820
   1.2628520
   1.2629060
   1.2665610
   1.2704810
   1.2717201
   1.2726120
   1.2766900
   1.2769490
   1.2884740
   1.2940260
   1.2955940
 Cluster   12:
   1.2971020
   1.2987649
   1.2998540
   1.3007240
   1.3022970
   1.3035140
   1.3040431
   1.3045220
   1.3072910
   1.3084570
   1.3100160
   1.3101979
   1.3141310
   1.3176380
   1.3190490
   1.3197900
   1.3215140
   1.3222920
   1.3225060
   1.3257480
   1.3281820
   1.3291190
   1.3299789
   1.3315320
   1.3348480
   1.3351630
   1.3439870
   1.3561730
   1.3567880
   1.3579650
   1.3600430
   1.3601960
   1.3617200
   1.3620180
   1.3658460
   1.3675840
   1.3721620
   1.3735501
   1.3779010
   1.3780440
   1.3794399
   1.3804550
   1.3872390
   1.3891610
   1.3896130
   1.3897820
   1.3924350
   1.3933800
   1.3943930
   1.3945690
   1.3954300
   1.3963680
   1.3980080
   1.3994060
   1.4012480
   1.4037750
   1.4057389
   1.4058270
   1.4063690
   1.4090320
 Cluster   13:
   1.4116590
   1.4119850
   1.4146450
   1.4161270
   1.4182760
   1.4258900
   1.4260510
   1.4277940
   1.4298710
   1.4312960
   1.4322600
   1.4323000
   1.4345911
   1.4363490
   1.4388430
   1.4396530
   1.4401050
   1.4417770
   1.4485641
   1.4497850
   1.4542150
   1.4557210
   1.4557821
   1.4563290
   1.4613920
   1.4645520
   1.4654970
   1.4674150
   1.4682800
   1.4714280
   1.4731200
   1.4745220
   1.4758300
   1.4787780
   1.4802400
   1.4845450
   1.4918770
   1.4923110
   1.4923820
   1.4982330
   1.5041630
   1.5041730
   1.5100530
   1.5117130
   1.5143590
   1.5148931
   1.5149760
   1.5170150
   1.5207080
   1.5214070
   1.5243810
   1.5325511
   1.5346750
   1.5347970
 Cluster   14:
   1.5406359
   1.5442730
   1.5464410
   1.5480700
   1.5499730
   1.5501530
   1.5522590
   1.5598930
   1.5599190
   1.5603900
   1.5621541
   1.5634800
   1.5667830
   1.5714840
   1.5720620
   1.5725380
   1.5770580
   1.5781770
   1.5790160
   1.5791410
   1.5822300
   1.5825180
   1.5840570
   1.5843160
   1.5845530
   1.5853370
   1.5876900
   1.5877060
   1.5895660
   1.5899330
   1.5919189
   1.5924070
   1.5930450
   1.5962570
   1.5995491
   1.6013530
   1.6014490
   1.6045690
   1.6080190
   1.6094850
   1.6105490
   1.6108910
   1.6137910
   1.6138060
   1.6140450
   1.6154630
   1.6166970
   1.6183050
   1.6190460
   1.6210170
   1.6222510
   1.6243780
   1.6252170
   1.6260340
   1.6325560
   1.6336610
   1.6340270
   1.6361200
   1.6380121
   1.6395670
   1.6442010
   1.6447990
   1.6480830
   1.6509330
   1.6512400
   1.6529990
   1.6542799
   1.6591170
   1.6604410
   1.6646860
   1.6653140
   1.6665291
   1.6693439
   1.6717840
   1.6726530
   1.6741130
   1.6753980
   1.6757510
   1.6760370
   1.6803540
 Cluster   15:
   1.6856380
   1.6883481
   1.6891410
   1.6925960
   1.6980020
   1.6983891
   1.6985220
   1.6987610
   1.7043170
   1.7065530
   1.7072771
   1.7074569
   1.7156520
   1.7201730
   1.7262120
   1.7271190
   1.7286780
   1.7302589
   1.7322530
   1.7331970
   1.7346500
   1.7350870
   1.7350889
   1.7351390
   1.7356160
   1.7361610
   1.7363210
   1.7365960
   1.7387609
   1.7389460
   1.7393121
   1.7427059
   1.7435120
   1.7445050
   1.7456510
   1.7514950
   1.7528160
   1.7530960
   1.7539980
   1.7545559
   1.7551010
   1.7612910
   1.7681340
   1.7728460
   1.7803670
   1.7804101
   1.7811530
   1.7827880
   1.7836339
   1.7841880
   1.7897850
   1.7902350
   1.7926280
   1.7934780
   1.7943810
   1.7989390
   1.7990870
   1.8018330
   1.8019190
   1.8050970
   1.8077470
   1.8095670
   1.8116291
   1.8165441
   1.8190460
   1.8210340
   1.8226780
   1.8249170
   1.8284380
   1.8293329
   1.8305759
   1.8327030
   1.8352081
 Cluster   16:
   1.8416080
   1.8435020
   1.8444270
   1.8449270
   1.8471240
   1.8473510
   1.8526710
   1.8540790
   1.8570960
   1.8579870
   1.8619800
   1.8639010
   1.8650100
   1.8662540
   1.8669690
   1.8701630
   1.8706390
   1.8766340
   1.8796500
   1.8835540
   1.8916110
   1.8936820
   1.8966520
   1.8994980
   1.9015340
   1.9036430
   1.9038579
   1.9068450
   1.9073091
   1.9073761
   1.9085120
   1.9088891
   1.9111650
   1.9114439
   1.9125310
   1.9159880
   1.9174460
   1.9184700
   1.9189180
   1.9203230
   1.9259990
   1.9362440
   1.9365280
   1.9381740
   1.9397880
   1.9401370
   1.9402010
   1.9418530
   1.9457380
   1.9488630
   1.9490900
   1.9495430
   1.9524330
   1.9536170
   1.9549290
   1.9574150
   1.9585460
   1.9586990
   1.9595211
   1.9615330
   1.9640560
   1.9644550
   1.9656100
   1.9665051
   1.9666110
   1.9679559
   1.9721090
   1.9778579
   1.9791861
   1.9817910
   1.9825790
   1.9833180
   1.9835480
   1.9838130
   1.9908040
   1.9923060
   1.9939780
   1.9940310
   1.9950850
